1 -3 1
2 -2.999 0.999667
3 -2.998 0.999333
4 -2.997 0.999
5 -2.996 0.998666
6 -2.995 0.998333
7 -2.994 0.997999
8 -2.993 0.997666
9 -2.992 0.997332
10 -2.991 0.996998
11 -2.99 0.996665
12 -2.989 0.996331
13 -2.988 0.995997
14 -2.987 0.995664
15 -2.986 0.99533
16 -2.985 0.994996
17 -2.984 0.994662
18 -2.983 0.994328
19 -2.982 0.993994
20 -2.981 0.99366
21 -2.98 0.993326
22 -2.979 0.992992
23 -2.978 0.992658
24 -2.977 0.992324
25 -2.976 0.991989
26 -2.975 0.991655
27 -2.974 0.991321
28 -2.973 0.990986
29 -2.972 0.990652
30 -2.971 0.990318
31 -2.97 0.989983
32 -2.969 0.989649
33 -2.968 0.989314
34 -2.967 0.98898
35 -2.966 0.988645
36 -2.965 0.988311
37 -2.964 0.987976
38 -2.963 0.987641
39 -2.962 0.987306
40 -2.961 0.986972
41 -2.96 0.986637
42 -2.959 0.986302
43 -2.958 0.985967
44 -2.957 0.985632
45 -2.956 0.985297
46 -2.955 0.984962
47 -2.954 0.984627
48 -2.953 0.984292
49 -2.952 0.983957
50 -2.951 0.983622
51 -2.95 0.983287
52 -2.949 0.982952
53 -2.948 0.982616
54 -2.947 0.982281
55 -2.946 0.981946
56 -2.945 0.98161
57 -2.944 0.981275
58 -2.943 0.980939
59 -2.942 0.980604
60 -2.941 0.980268
61 -2.94 0.979933
62 -2.939 0.979597
63 -2.938 0.979262
64 -2.937 0.978926
65 -2.936 0.97859
66 -2.935 0.978255
67 -2.934 0.977919
68 -2.933 0.977583
69 -2.932 0.977247
70 -2.931 0.976911
71 -2.93 0.976575
72 -2.929 0.976239
73 -2.928 0.975903
74 -2.927 0.975567
75 -2.926 0.975231
76 -2.925 0.974895
77 -2.924 0.974559
78 -2.923 0.974223
79 -2.922 0.973886
80 -2.921 0.97355
81 -2.92 0.973214
82 -2.919 0.972877
83 -2.918 0.972541
84 -2.917 0.972205
85 -2.916 0.971868
86 -2.915 0.971532
87 -2.914 0.971195
88 -2.913 0.970858
89 -2.912 0.970522
90 -2.911 0.970185
91 -2.91 0.969848
92 -2.909 0.969512
93 -2.908 0.969175
94 -2.907 0.968838
95 -2.906 0.968501
96 -2.905 0.968164
97 -2.904 0.967827
98 -2.903 0.967491
99 -2.902 0.967154
100 -2.901 0.966816
101 -2.9 0.966479
102 -2.899 0.966142
103 -2.898 0.965805
104 -2.897 0.965468
105 -2.896 0.965131
106 -2.895 0.964793
107 -2.894 0.964456
108 -2.893 0.964119
109 -2.892 0.963781
110 -2.891 0.963444
111 -2.89 0.963106
112 -2.889 0.962769
113 -2.888 0.962431
114 -2.887 0.962094
115 -2.886 0.961756
116 -2.885 0.961419
117 -2.884 0.961081
118 -2.883 0.960743
119 -2.882 0.960405
120 -2.881 0.960068
121 -2.88 0.95973
122 -2.879 0.959392
123 -2.878 0.959054
124 -2.877 0.958716
125 -2.876 0.958378
126 -2.875 0.95804
127 -2.874 0.957702
128 -2.873 0.957364
129 -2.872 0.957026
130 -2.871 0.956687
131 -2.87 0.956349
132 -2.869 0.956011
133 -2.868 0.955673
134 -2.867 0.955334
135 -2.866 0.954996
136 -2.865 0.954657
137 -2.864 0.954319
138 -2.863 0.95398
139 -2.862 0.953642
140 -2.861 0.953303
141 -2.86 0.952965
142 -2.859 0.952626
143 -2.858 0.952287
144 -2.857 0.951949
145 -2.856 0.95161
146 -2.855 0.951271
147 -2.854 0.950932
148 -2.853 0.950593
149 -2.852 0.950254
150 -2.851 0.949915
151 -2.85 0.949576
152 -2.849 0.949237
153 -2.848 0.948898
154 -2.847 0.948559
155 -2.846 0.94822
156 -2.845 0.947881
157 -2.844 0.947541
158 -2.843 0.947202
159 -2.842 0.946863
160 -2.841 0.946523
161 -2.84 0.946184
162 -2.839 0.945845
163 -2.838 0.945505
164 -2.837 0.945166
165 -2.836 0.944826
166 -2.835 0.944486
167 -2.834 0.944147
168 -2.833 0.943807
169 -2.832 0.943467
170 -2.831 0.943128
171 -2.83 0.942788
172 -2.829 0.942448
173 -2.828 0.942108
174 -2.827 0.941768
175 -2.826 0.941428
176 -2.825 0.941088
177 -2.824 0.940748
178 -2.823 0.940408
179 -2.822 0.940068
180 -2.821 0.939728
181 -2.82 0.939388
182 -2.819 0.939047
183 -2.818 0.938707
184 -2.817 0.938367
185 -2.816 0.938027
186 -2.815 0.937686
187 -2.814 0.937346
188 -2.813 0.937005
189 -2.812 0.936665
190 -2.811 0.936324
191 -2.81 0.935984
192 -2.809 0.935643
193 -2.808 0.935302
194 -2.807 0.934962
195 -2.806 0.934621
196 -2.805 0.93428
197 -2.804 0.933939
198 -2.803 0.933598
199 -2.802 0.933258
200 -2.801 0.932917
201 -2.8 0.932576
202 -2.799 0.932235
203 -2.798 0.931894
204 -2.797 0.931552
205 -2.796 0.931211
206 -2.795 0.93087
207 -2.794 0.930529
208 -2.793 0.930188
209 -2.792 0.929846
210 -2.791 0.929505
211 -2.79 0.929164
212 -2.789 0.928822
213 -2.788 0.928481
214 -2.787 0.928139
215 -2.786 0.927798
216 -2.785 0.927456
217 -2.784 0.927115
218 -2.783 0.926773
219 -2.782 0.926431
220 -2.781 0.92609
221 -2.78 0.925748
222 -2.779 0.925406
223 -2.778 0.925064
224 -2.777 0.924722
225 -2.776 0.92438
226 -2.775 0.924038
227 -2.774 0.923696
228 -2.773 0.923354
229 -2.772 0.923012
230 -2.771 0.92267
231 -2.77 0.922328
232 -2.769 0.921986
233 -2.768 0.921643
234 -2.767 0.921301
235 -2.766 0.920959
236 -2.765 0.920616
237 -2.764 0.920274
238 -2.763 0.919932
239 -2.762 0.919589
240 -2.761 0.919246
241 -2.76 0.918904
242 -2.759 0.918561
243 -2.758 0.918219
244 -2.757 0.917876
245 -2.756 0.917533
246 -2.755 0.91719
247 -2.754 0.916848
248 -2.753 0.916505
249 -2.752 0.916162
250 -2.751 0.915819
251 -2.75 0.915476
252 -2.749 0.915133
253 -2.748 0.91479
254 -2.747 0.914447
255 -2.746 0.914104
256 -2.745 0.91376
257 -2.744 0.913417
258 -2.743 0.913074
259 -2.742 0.912731
260 -2.741 0.912387
261 -2.74 0.912044
262 -2.739 0.911701
263 -2.738 0.911357
264 -2.737 0.911014
265 -2.736 0.91067
266 -2.735 0.910326
267 -2.734 0.909983
268 -2.733 0.909639
269 -2.732 0.909295
270 -2.731 0.908952
271 -2.73 0.908608
272 -2.729 0.908264
273 -2.728 0.90792
274 -2.727 0.907576
275 -2.726 0.907232
276 -2.725 0.906888
277 -2.724 0.906544
278 -2.723 0.9062
279 -2.722 0.905856
280 -2.721 0.905512
281 -2.72 0.905168
282 -2.719 0.904824
283 -2.718 0.904479
284 -2.717 0.904135
285 -2.716 0.903791
286 -2.715 0.903446
287 -2.714 0.903102
288 -2.713 0.902757
289 -2.712 0.902413
290 -2.711 0.902068
291 -2.71 0.901724
292 -2.709 0.901379
293 -2.708 0.901034
294 -2.707 0.90069
295 -2.706 0.900345
296 -2.705 0.9
297 -2.704 0.899655
298 -2.703 0.89931
299 -2.702 0.898965
300 -2.701 0.89862
301 -2.7 0.898275
302 -2.699 0.89793
303 -2.698 0.897585
304 -2.697 0.89724
305 -2.696 0.896895
306 -2.695 0.89655
307 -2.694 0.896204
308 -2.693 0.895859
309 -2.692 0.895514
310 -2.691 0.895168
311 -2.69 0.894823
312 -2.689 0.894478
313 -2.688 0.894132
314 -2.687 0.893786
315 -2.686 0.893441
316 -2.685 0.893095
317 -2.684 0.89275
318 -2.683 0.892404
319 -2.682 0.892058
320 -2.681 0.891712
321 -2.68 0.891366
322 -2.679 0.891021
323 -2.678 0.890675
324 -2.677 0.890329
325 -2.676 0.889983
326 -2.675 0.889637
327 -2.674 0.889291
328 -2.673 0.888944
329 -2.672 0.888598
330 -2.671 0.888252
331 -2.67 0.887906
332 -2.669 0.88756
333 -2.668 0.887213
334 -2.667 0.886867
335 -2.666 0.88652
336 -2.665 0.886174
337 -2.664 0.885827
338 -2.663 0.885481
339 -2.662 0.885134
340 -2.661 0.884788
341 -2.66 0.884441
342 -2.659 0.884094
343 -2.658 0.883748
344 -2.657 0.883401
345 -2.656 0.883054
346 -2.655 0.882707
347 -2.654 0.88236
348 -2.653 0.882013
349 -2.652 0.881666
350 -2.651 0.881319
351 -2.65 0.880972
352 -2.649 0.880625
353 -2.648 0.880278
354 -2.647 0.879931
355 -2.646 0.879583
356 -2.645 0.879236
357 -2.644 0.878889
358 -2.643 0.878541
359 -2.642 0.878194
360 -2.641 0.877846
361 -2.64 0.877499
362 -2.639 0.877151
363 -2.638 0.876804
364 -2.637 0.876456
365 -2.636 0.876108
366 -2.635 0.875761
367 -2.634 0.875413
368 -2.633 0.875065
369 -2.632 0.874717
370 -2.631 0.874369
371 -2.63 0.874022
372 -2.629 0.873674
373 -2.628 0.873326
374 -2.627 0.872978
375 -2.626 0.872629
376 -2.625 0.872281
377 -2.624 0.871933
378 -2.623 0.871585
379 -2.622 0.871237
380 -2.621 0.870888
381 -2.62 0.87054
382 -2.619 0.870192
383 -2.618 0.869843
384 -2.617 0.869495
385 -2.616 0.869146
386 -2.615 0.868798
387 -2.614 0.868449
388 -2.613 0.8681
389 -2.612 0.867752
390 -2.611 0.867403
391 -2.61 0.867054
392 -2.609 0.866705
393 -2.608 0.866357
394 -2.607 0.866008
395 -2.606 0.865659
396 -2.605 0.86531
397 -2.604 0.864961
398 -2.603 0.864612
399 -2.602 0.864263
400 -2.601 0.863913
401 -2.6 0.863564
402 -2.599 0.863215
403 -2.598 0.862866
404 -2.597 0.862516
405 -2.596 0.862167
406 -2.595 0.861818
407 -2.594 0.861468
408 -2.593 0.861119
409 -2.592 0.860769
410 -2.591 0.86042
411 -2.59 0.86007
412 -2.589 0.85972
413 -2.588 0.859371
414 -2.587 0.859021
415 -2.586 0.858671
416 -2.585 0.858321
417 -2.584 0.857971
418 -2.583 0.857621
419 -2.582 0.857271
420 -2.581 0.856921
421 -2.58 0.856571
422 -2.579 0.856221
423 -2.578 0.855871
424 -2.577 0.855521
425 -2.576 0.855171
426 -2.575 0.85482
427 -2.574 0.85447
428 -2.573 0.85412
429 -2.572 0.853769
430 -2.571 0.853419
431 -2.57 0.853069
432 -2.569 0.852718
433 -2.568 0.852367
434 -2.567 0.852017
435 -2.566 0.851666
436 -2.565 0.851315
437 -2.564 0.850965
438 -2.563 0.850614
439 -2.562 0.850263
440 -2.561 0.849912
441 -2.56 0.849561
442 -2.559 0.84921
443 -2.558 0.848859
444 -2.557 0.848508
445 -2.556 0.848157
446 -2.555 0.847806
447 -2.554 0.847455
448 -2.553 0.847104
449 -2.552 0.846753
450 -2.551 0.846401
451 -2.55 0.84605
452 -2.549 0.845699
453 -2.548 0.845347
454 -2.547 0.844996
455 -2.546 0.844644
456 -2.545 0.844293
457 -2.544 0.843941
458 -2.543 0.843589
459 -2.542 0.843238
460 -2.541 0.842886
461 -2.54 0.842534
462 -2.539 0.842182
463 -2.538 0.84183
464 -2.537 0.841478
465 -2.536 0.841127
466 -2.535 0.840775
467 -2.534 0.840423
468 -2.533 0.84007
469 -2.532 0.839718
470 -2.531 0.839366
471 -2.53 0.839014
472 -2.529 0.838662
473 -2.528 0.838309
474 -2.527 0.837957
475 -2.526 0.837605
476 -2.525 0.837252
477 -2.524 0.8369
478 -2.523 0.836547
479 -2.522 0.836195
480 -2.521 0.835842
481 -2.52 0.835489
482 -2.519 0.835137
483 -2.518 0.834784
484 -2.517 0.834431
485 -2.516 0.834078
486 -2.515 0.833725
487 -2.514 0.833373
488 -2.513 0.83302
489 -2.512 0.832667
490 -2.511 0.832314
491 -2.51 0.83196
492 -2.509 0.831607
493 -2.508 0.831254
494 -2.507 0.830901
495 -2.506 0.830548
496 -2.505 0.830194
497 -2.504 0.829841
498 -2.503 0.829488
499 -2.502 0.829134
500 -2.501 0.828781
501 -2.5 0.828427
502 -2.499 0.828074
503 -2.498 0.82772
504 -2.497 0.827366
505 -2.496 0.827013
506 -2.495 0.826659
507 -2.494 0.826305
508 -2.493 0.825951
509 -2.492 0.825597
510 -2.491 0.825243
511 -2.49 0.824889
512 -2.489 0.824535
513 -2.488 0.824181
514 -2.487 0.823827
515 -2.486 0.823473
516 -2.485 0.823119
517 -2.484 0.822765
518 -2.483 0.82241
519 -2.482 0.822056
520 -2.481 0.821702
521 -2.48 0.821347
522 -2.479 0.820993
523 -2.478 0.820638
524 -2.477 0.820284
525 -2.476 0.819929
526 -2.475 0.819574
527 -2.474 0.81922
528 -2.473 0.818865
529 -2.472 0.81851
530 -2.471 0.818155
531 -2.47 0.817801
532 -2.469 0.817446
533 -2.468 0.817091
534 -2.467 0.816736
535 -2.466 0.816381
536 -2.465 0.816026
537 -2.464 0.81567
538 -2.463 0.815315
539 -2.462 0.81496
540 -2.461 0.814605
541 -2.46 0.814249
542 -2.459 0.813894
543 -2.458 0.813539
544 -2.457 0.813183
545 -2.456 0.812828
546 -2.455 0.812472
547 -2.454 0.812117
548 -2.453 0.811761
549 -2.452 0.811405
550 -2.451 0.81105
551 -2.45 0.810694
552 -2.449 0.810338
553 -2.448 0.809982
554 -2.447 0.809626
555 -2.446 0.80927
556 -2.445 0.808914
557 -2.444 0.808558
558 -2.443 0.808202
559 -2.442 0.807846
560 -2.441 0.80749
561 -2.44 0.807134
562 -2.439 0.806778
563 -2.438 0.806421
564 -2.437 0.806065
565 -2.436 0.805708
566 -2.435 0.805352
567 -2.434 0.804996
568 -2.433 0.804639
569 -2.432 0.804282
570 -2.431 0.803926
571 -2.43 0.803569
572 -2.429 0.803212
573 -2.428 0.802856
574 -2.427 0.802499
575 -2.426 0.802142
576 -2.425 0.801785
577 -2.424 0.801428
578 -2.423 0.801071
579 -2.422 0.800714
580 -2.421 0.800357
581 -2.42 0.8
582 -2.419 0.799643
583 -2.418 0.799286
584 -2.417 0.798928
585 -2.416 0.798571
586 -2.415 0.798214
587 -2.414 0.797856
588 -2.413 0.797499
589 -2.412 0.797141
590 -2.411 0.796784
591 -2.41 0.796426
592 -2.409 0.796069
593 -2.408 0.795711
594 -2.407 0.795353
595 -2.406 0.794996
596 -2.405 0.794638
597 -2.404 0.79428
598 -2.403 0.793922
599 -2.402 0.793564
600 -2.401 0.793206
601 -2.4 0.792848
602 -2.399 0.79249
603 -2.398 0.792132
604 -2.397 0.791774
605 -2.396 0.791415
606 -2.395 0.791057
607 -2.394 0.790699
608 -2.393 0.79034
609 -2.392 0.789982
610 -2.391 0.789624
611 -2.39 0.789265
612 -2.389 0.788907
613 -2.388 0.788548
614 -2.387 0.788189
615 -2.386 0.787831
616 -2.385 0.787472
617 -2.384 0.787113
618 -2.383 0.786754
619 -2.382 0.786396
620 -2.381 0.786037
621 -2.38 0.785678
622 -2.379 0.785319
623 -2.378 0.78496
624 -2.377 0.784601
625 -2.376 0.784241
626 -2.375 0.783882
627 -2.374 0.783523
628 -2.373 0.783164
629 -2.372 0.782804
630 -2.371 0.782445
631 -2.37 0.782086
632 -2.369 0.781726
633 -2.368 0.781367
634 -2.367 0.781007
635 -2.366 0.780647
636 -2.365 0.780288
637 -2.364 0.779928
638 -2.363 0.779568
639 -2.362 0.779209
640 -2.361 0.778849
641 -2.36 0.778489
642 -2.359 0.778129
643 -2.358 0.777769
644 -2.357 0.777409
645 -2.356 0.777049
646 -2.355 0.776689
647 -2.354 0.776329
648 -2.353 0.775968
649 -2.352 0.775608
650 -2.351 0.775248
651 -2.35 0.774887
652 -2.349 0.774527
653 -2.348 0.774167
654 -2.347 0.773806
655 -2.346 0.773446
656 -2.345 0.773085
657 -2.344 0.772724
658 -2.343 0.772364
659 -2.342 0.772003
660 -2.341 0.771642
661 -2.34 0.771281
662 -2.339 0.77092
663 -2.338 0.77056
664 -2.337 0.770199
665 -2.336 0.769838
666 -2.335 0.769476
667 -2.334 0.769115
668 -2.333 0.768754
669 -2.332 0.768393
670 -2.331 0.768032
671 -2.33 0.767671
672 -2.329 0.767309
673 -2.328 0.766948
674 -2.327 0.766586
675 -2.326 0.766225
676 -2.325 0.765863
677 -2.324 0.765502
678 -2.323 0.76514
679 -2.322 0.764778
680 -2.321 0.764417
681 -2.32 0.764055
682 -2.319 0.763693
683 -2.318 0.763331
684 -2.317 0.762969
685 -2.316 0.762607
686 -2.315 0.762245
687 -2.314 0.761883
688 -2.313 0.761521
689 -2.312 0.761159
690 -2.311 0.760797
691 -2.31 0.760435
692 -2.309 0.760072
693 -2.308 0.75971
694 -2.307 0.759348
695 -2.306 0.758985
696 -2.305 0.758623
697 -2.304 0.75826
698 -2.303 0.757898
699 -2.302 0.757535
700 -2.301 0.757172
701 -2.3 0.75681
702 -2.299 0.756447
703 -2.298 0.756084
704 -2.297 0.755721
705 -2.296 0.755358
706 -2.295 0.754995
707 -2.294 0.754632
708 -2.293 0.754269
709 -2.292 0.753906
710 -2.291 0.753543
711 -2.29 0.75318
712 -2.289 0.752817
713 -2.288 0.752453
714 -2.287 0.75209
715 -2.286 0.751727
716 -2.285 0.751363
717 -2.284 0.751
718 -2.283 0.750636
719 -2.282 0.750273
720 -2.281 0.749909
721 -2.28 0.749545
722 -2.279 0.749182
723 -2.278 0.748818
724 -2.277 0.748454
725 -2.276 0.74809
726 -2.275 0.747726
727 -2.274 0.747362
728 -2.273 0.746998
729 -2.272 0.746634
730 -2.271 0.74627
731 -2.27 0.745906
732 -2.269 0.745542
733 -2.268 0.745178
734 -2.267 0.744813
735 -2.266 0.744449
736 -2.265 0.744085
737 -2.264 0.74372
738 -2.263 0.743356
739 -2.262 0.742991
740 -2.261 0.742626
741 -2.26 0.742262
742 -2.259 0.741897
743 -2.258 0.741532
744 -2.257 0.741168
745 -2.256 0.740803
746 -2.255 0.740438
747 -2.254 0.740073
748 -2.253 0.739708
749 -2.252 0.739343
750 -2.251 0.738978
751 -2.25 0.738613
752 -2.249 0.738248
753 -2.248 0.737882
754 -2.247 0.737517
755 -2.246 0.737152
756 -2.245 0.736786
757 -2.244 0.736421
758 -2.243 0.736056
759 -2.242 0.73569
760 -2.241 0.735324
761 -2.24 0.734959
762 -2.239 0.734593
763 -2.238 0.734227
764 -2.237 0.733862
765 -2.236 0.733496
766 -2.235 0.73313
767 -2.234 0.732764
768 -2.233 0.732398
769 -2.232 0.732032
770 -2.231 0.731666
771 -2.23 0.7313
772 -2.229 0.730934
773 -2.228 0.730568
774 -2.227 0.730201
775 -2.226 0.729835
776 -2.225 0.729469
777 -2.224 0.729102
778 -2.223 0.728736
779 -2.222 0.728369
780 -2.221 0.728003
781 -2.22 0.727636
782 -2.219 0.72727
783 -2.218 0.726903
784 -2.217 0.726536
785 -2.216 0.726169
786 -2.215 0.725803
787 -2.214 0.725436
788 -2.213 0.725069
789 -2.212 0.724702
790 -2.211 0.724335
791 -2.21 0.723968
792 -2.209 0.723601
793 -2.208 0.723233
794 -2.207 0.722866
795 -2.206 0.722499
796 -2.205 0.722132
797 -2.204 0.721764
798 -2.203 0.721397
799 -2.202 0.721029
800 -2.201 0.720662
801 -2.2 0.720294
802 -2.199 0.719926
803 -2.198 0.719559
804 -2.197 0.719191
805 -2.196 0.718823
806 -2.195 0.718455
807 -2.194 0.718088
808 -2.193 0.71772
809 -2.192 0.717352
810 -2.191 0.716984
811 -2.19 0.716616
812 -2.189 0.716247
813 -2.188 0.715879
814 -2.187 0.715511
815 -2.186 0.715143
816 -2.185 0.714774
817 -2.184 0.714406
818 -2.183 0.714038
819 -2.182 0.713669
820 -2.181 0.713301
821 -2.18 0.712932
822 -2.179 0.712563
823 -2.178 0.712195
824 -2.177 0.711826
825 -2.176 0.711457
826 -2.175 0.711088
827 -2.174 0.710719
828 -2.173 0.710351
829 -2.172 0.709982
830 -2.171 0.709613
831 -2.17 0.709243
832 -2.169 0.708874
833 -2.168 0.708505
834 -2.167 0.708136
835 -2.166 0.707767
836 -2.165 0.707397
837 -2.164 0.707028
838 -2.163 0.706658
839 -2.162 0.706289
840 -2.161 0.705919
841 -2.16 0.70555
842 -2.159 0.70518
843 -2.158 0.704811
844 -2.157 0.704441
845 -2.156 0.704071
846 -2.155 0.703701
847 -2.154 0.703331
848 -2.153 0.702961
849 -2.152 0.702591
850 -2.151 0.702221
851 -2.15 0.701851
852 -2.149 0.701481
853 -2.148 0.701111
854 -2.147 0.700741
855 -2.146 0.70037
856 -2.145 0.7
857 -2.144 0.69963
858 -2.143 0.699259
859 -2.142 0.698889
860 -2.141 0.698518
861 -2.14 0.698148
862 -2.139 0.697777
863 -2.138 0.697406
864 -2.137 0.697035
865 -2.136 0.696665
866 -2.135 0.696294
867 -2.134 0.695923
868 -2.133 0.695552
869 -2.132 0.695181
870 -2.131 0.69481
871 -2.13 0.694439
872 -2.129 0.694068
873 -2.128 0.693696
874 -2.127 0.693325
875 -2.126 0.692954
876 -2.125 0.692582
877 -2.124 0.692211
878 -2.123 0.69184
879 -2.122 0.691468
880 -2.121 0.691096
881 -2.12 0.690725
882 -2.119 0.690353
883 -2.118 0.689981
884 -2.117 0.68961
885 -2.116 0.689238
886 -2.115 0.688866
887 -2.114 0.688494
888 -2.113 0.688122
889 -2.112 0.68775
890 -2.111 0.687378
891 -2.11 0.687006
892 -2.109 0.686634
893 -2.108 0.686261
894 -2.107 0.685889
895 -2.106 0.685517
896 -2.105 0.685144
897 -2.104 0.684772
898 -2.103 0.684399
899 -2.102 0.684027
900 -2.101 0.683654
901 -2.1 0.683282
902 -2.099 0.682909
903 -2.098 0.682536
904 -2.097 0.682163
905 -2.096 0.68179
906 -2.095 0.681418
907 -2.094 0.681045
908 -2.093 0.680672
909 -2.092 0.680298
910 -2.091 0.679925
911 -2.09 0.679552
912 -2.089 0.679179
913 -2.088 0.678806
914 -2.087 0.678432
915 -2.086 0.678059
916 -2.085 0.677686
917 -2.084 0.677312
918 -2.083 0.676939
919 -2.082 0.676565
920 -2.081 0.676191
921 -2.08 0.675818
922 -2.079 0.675444
923 -2.078 0.67507
924 -2.077 0.674696
925 -2.076 0.674322
926 -2.075 0.673948
927 -2.074 0.673574
928 -2.073 0.6732
929 -2.072 0.672826
930 -2.071 0.672452
931 -2.07 0.672078
932 -2.069 0.671704
933 -2.068 0.671329
934 -2.067 0.670955
935 -2.066 0.67058
936 -2.065 0.670206
937 -2.064 0.669831
938 -2.063 0.669457
939 -2.062 0.669082
940 -2.061 0.668708
941 -2.06 0.668333
942 -2.059 0.667958
943 -2.058 0.667583
944 -2.057 0.667208
945 -2.056 0.666833
946 -2.055 0.666458
947 -2.054 0.666083
948 -2.053 0.665708
949 -2.052 0.665333
950 -2.051 0.664958
951 -2.05 0.664583
952 -2.049 0.664207
953 -2.048 0.663832
954 -2.047 0.663456
955 -2.046 0.663081
956 -2.045 0.662705
957 -2.044 0.66233
958 -2.043 0.661954
959 -2.042 0.661578
960 -2.041 0.661203
961 -2.04 0.660827
962 -2.039 0.660451
963 -2.038 0.660075
964 -2.037 0.659699
965 -2.036 0.659323
966 -2.035 0.658947
967 -2.034 0.658571
968 -2.033 0.658195
969 -2.032 0.657819
970 -2.031 0.657442
971 -2.03 0.657066
972 -2.029 0.65669
973 -2.028 0.656313
974 -2.027 0.655937
975 -2.026 0.65556
976 -2.025 0.655184
977 -2.024 0.654807
978 -2.023 0.65443
979 -2.022 0.654054
980 -2.021 0.653677
981 -2.02 0.6533
982 -2.019 0.652923
983 -2.018 0.652546
984 -2.017 0.652169
985 -2.016 0.651792
986 -2.015 0.651415
987 -2.014 0.651038
988 -2.013 0.65066
989 -2.012 0.650283
990 -2.011 0.649906
991 -2.01 0.649528
992 -2.009 0.649151
993 -2.008 0.648773
994 -2.007 0.648396
995 -2.006 0.648018
996 -2.005 0.64764
997 -2.004 0.647263
998 -2.003 0.646885
999 -2.002 0.646507
1000 -2.001 0.646129
1001 -2 0.645751
1002 -1.999 0.645373
1003 -1.998 0.644995
1004 -1.997 0.644617
1005 -1.996 0.644239
1006 -1.995 0.643861
1007 -1.994 0.643483
1008 -1.993 0.643104
1009 -1.992 0.642726
1010 -1.991 0.642347
1011 -1.99 0.641969
1012 -1.989 0.64159
1013 -1.988 0.641212
1014 -1.987 0.640833
1015 -1.986 0.640455
1016 -1.985 0.640076
1017 -1.984 0.639697
1018 -1.983 0.639318
1019 -1.982 0.638939
1020 -1.981 0.63856
1021 -1.98 0.638181
1022 -1.979 0.637802
1023 -1.978 0.637423
1024 -1.977 0.637044
1025 -1.976 0.636665
1026 -1.975 0.636285
1027 -1.974 0.635906
1028 -1.973 0.635527
1029 -1.972 0.635147
1030 -1.971 0.634768
1031 -1.97 0.634388
1032 -1.969 0.634008
1033 -1.968 0.633629
1034 -1.967 0.633249
1035 -1.966 0.632869
1036 -1.965 0.632489
1037 -1.964 0.632109
1038 -1.963 0.631729
1039 -1.962 0.631349
1040 -1.961 0.630969
1041 -1.96 0.630589
1042 -1.959 0.630209
1043 -1.958 0.629829
1044 -1.957 0.629449
1045 -1.956 0.629068
1046 -1.955 0.628688
1047 -1.954 0.628307
1048 -1.953 0.627927
1049 -1.952 0.627546
1050 -1.951 0.627166
1051 -1.95 0.626785
1052 -1.949 0.626404
1053 -1.948 0.626024
1054 -1.947 0.625643
1055 -1.946 0.625262
1056 -1.945 0.624881
1057 -1.944 0.6245
1058 -1.943 0.624119
1059 -1.942 0.623738
1060 -1.941 0.623357
1061 -1.94 0.622975
1062 -1.939 0.622594
1063 -1.938 0.622213
1064 -1.937 0.621831
1065 -1.936 0.62145
1066 -1.935 0.621068
1067 -1.934 0.620687
1068 -1.933 0.620305
1069 -1.932 0.619924
1070 -1.931 0.619542
1071 -1.93 0.61916
1072 -1.929 0.618778
1073 -1.928 0.618396
1074 -1.927 0.618015
1075 -1.926 0.617633
1076 -1.925 0.61725
1077 -1.924 0.616868
1078 -1.923 0.616486
1079 -1.922 0.616104
1080 -1.921 0.615722
1081 -1.92 0.615339
1082 -1.919 0.614957
1083 -1.918 0.614575
1084 -1.917 0.614192
1085 -1.916 0.613809
1086 -1.915 0.613427
1087 -1.914 0.613044
1088 -1.913 0.612661
1089 -1.912 0.612279
1090 -1.911 0.611896
1091 -1.91 0.611513
1092 -1.909 0.61113
1093 -1.908 0.610747
1094 -1.907 0.610364
1095 -1.906 0.609981
1096 -1.905 0.609598
1097 -1.904 0.609214
1098 -1.903 0.608831
1099 -1.902 0.608448
1100 -1.901 0.608064
1101 -1.9 0.607681
1102 -1.899 0.607297
1103 -1.898 0.606914
1104 -1.897 0.60653
1105 -1.896 0.606147
1106 -1.895 0.605763
1107 -1.894 0.605379
1108 -1.893 0.604995
1109 -1.892 0.604611
1110 -1.891 0.604227
1111 -1.89 0.603843
1112 -1.889 0.603459
1113 -1.888 0.603075
1114 -1.887 0.602691
1115 -1.886 0.602307
1116 -1.885 0.601922
1117 -1.884 0.601538
1118 -1.883 0.601154
1119 -1.882 0.600769
1120 -1.881 0.600385
1121 -1.88 0.6
1122 -1.879 0.599615
1123 -1.878 0.599231
1124 -1.877 0.598846
1125 -1.876 0.598461
1126 -1.875 0.598076
1127 -1.874 0.597691
1128 -1.873 0.597306
1129 -1.872 0.596921
1130 -1.871 0.596536
1131 -1.87 0.596151
1132 -1.869 0.595766
1133 -1.868 0.595381
1134 -1.867 0.594995
1135 -1.866 0.59461
1136 -1.865 0.594224
1137 -1.864 0.593839
1138 -1.863 0.593453
1139 -1.862 0.593068
1140 -1.861 0.592682
1141 -1.86 0.592296
1142 -1.859 0.59191
1143 -1.858 0.591525
1144 -1.857 0.591139
1145 -1.856 0.590753
1146 -1.855 0.590367
1147 -1.854 0.589981
1148 -1.853 0.589595
1149 -1.852 0.589208
1150 -1.851 0.588822
1151 -1.85 0.588436
1152 -1.849 0.588049
1153 -1.848 0.587663
1154 -1.847 0.587277
1155 -1.846 0.58689
1156 -1.845 0.586503
1157 -1.844 0.586117
1158 -1.843 0.58573
1159 -1.842 0.585343
1160 -1.841 0.584956
1161 -1.84 0.58457
1162 -1.839 0.584183
1163 -1.838 0.583796
1164 -1.837 0.583409
1165 -1.836 0.583021
1166 -1.835 0.582634
1167 -1.834 0.582247
1168 -1.833 0.58186
1169 -1.832 0.581472
1170 -1.831 0.581085
1171 -1.83 0.580698
1172 -1.829 0.58031
1173 -1.828 0.579922
1174 -1.827 0.579535
1175 -1.826 0.579147
1176 -1.825 0.578759
1177 -1.824 0.578372
1178 -1.823 0.577984
1179 -1.822 0.577596
1180 -1.821 0.577208
1181 -1.82 0.57682
1182 -1.819 0.576432
1183 -1.818 0.576043
1184 -1.817 0.575655
1185 -1.816 0.575267
1186 -1.815 0.574879
1187 -1.814 0.57449
1188 -1.813 0.574102
1189 -1.812 0.573713
1190 -1.811 0.573325
1191 -1.81 0.572936
1192 -1.809 0.572547
1193 -1.808 0.572159
1194 -1.807 0.57177
1195 -1.806 0.571381
1196 -1.805 0.570992
1197 -1.804 0.570603
1198 -1.803 0.570214
1199 -1.802 0.569825
1200 -1.801 0.569436
1201 -1.8 0.569047
1202 -1.799 0.568657
1203 -1.798 0.568268
1204 -1.797 0.567879
1205 -1.796 0.567489
1206 -1.795 0.5671
1207 -1.794 0.56671
1208 -1.793 0.56632
1209 -1.792 0.565931
1210 -1.791 0.565541
1211 -1.79 0.565151
1212 -1.789 0.564761
1213 -1.788 0.564371
1214 -1.787 0.563981
1215 -1.786 0.563591
1216 -1.785 0.563201
1217 -1.784 0.562811
1218 -1.783 0.562421
1219 -1.782 0.56203
1220 -1.781 0.56164
1221 -1.78 0.56125
1222 -1.779 0.560859
1223 -1.778 0.560469
1224 -1.777 0.560078
1225 -1.776 0.559687
1226 -1.775 0.559297
1227 -1.774 0.558906
1228 -1.773 0.558515
1229 -1.772 0.558124
1230 -1.771 0.557733
1231 -1.77 0.557342
1232 -1.769 0.556951
1233 -1.768 0.55656
1234 -1.767 0.556169
1235 -1.766 0.555778
1236 -1.765 0.555386
1237 -1.764 0.554995
1238 -1.763 0.554604
1239 -1.762 0.554212
1240 -1.761 0.553821
1241 -1.76 0.553429
1242 -1.759 0.553037
1243 -1.758 0.552646
1244 -1.757 0.552254
1245 -1.756 0.551862
1246 -1.755 0.55147
1247 -1.754 0.551078
1248 -1.753 0.550686
1249 -1.752 0.550294
1250 -1.751 0.549902
1251 -1.75 0.54951
1252 -1.749 0.549117
1253 -1.748 0.548725
1254 -1.747 0.548333
1255 -1.746 0.54794
1256 -1.745 0.547548
1257 -1.744 0.547155
1258 -1.743 0.546763
1259 -1.742 0.54637
1260 -1.741 0.545977
1261 -1.74 0.545584
1262 -1.739 0.545192
1263 -1.738 0.544799
1264 -1.737 0.544406
1265 -1.736 0.544013
1266 -1.735 0.543619
1267 -1.734 0.543226
1268 -1.733 0.542833
1269 -1.732 0.54244
1270 -1.731 0.542046
1271 -1.73 0.541653
1272 -1.729 0.54126
1273 -1.728 0.540866
1274 -1.727 0.540472
1275 -1.726 0.540079
1276 -1.725 0.539685
1277 -1.724 0.539291
1278 -1.723 0.538897
1279 -1.722 0.538503
1280 -1.721 0.53811
1281 -1.72 0.537716
1282 -1.719 0.537321
1283 -1.718 0.536927
1284 -1.717 0.536533
1285 -1.716 0.536139
1286 -1.715 0.535744
1287 -1.714 0.53535
1288 -1.713 0.534956
1289 -1.712 0.534561
1290 -1.711 0.534167
1291 -1.71 0.533772
1292 -1.709 0.533377
1293 -1.708 0.532982
1294 -1.707 0.532588
1295 -1.706 0.532193
1296 -1.705 0.531798
1297 -1.704 0.531403
1298 -1.703 0.531008
1299 -1.702 0.530613
1300 -1.701 0.530217
1301 -1.7 0.529822
1302 -1.699 0.529427
1303 -1.698 0.529031
1304 -1.697 0.528636
1305 -1.696 0.52824
1306 -1.695 0.527845
1307 -1.694 0.527449
1308 -1.693 0.527054
1309 -1.692 0.526658
1310 -1.691 0.526262
1311 -1.69 0.525866
1312 -1.689 0.52547
1313 -1.688 0.525074
1314 -1.687 0.524678
1315 -1.686 0.524282
1316 -1.685 0.523886
1317 -1.684 0.52349
1318 -1.683 0.523093
1319 -1.682 0.522697
1320 -1.681 0.522301
1321 -1.68 0.521904
1322 -1.679 0.521507
1323 -1.678 0.521111
1324 -1.677 0.520714
1325 -1.676 0.520317
1326 -1.675 0.519921
1327 -1.674 0.519524
1328 -1.673 0.519127
1329 -1.672 0.51873
1330 -1.671 0.518333
1331 -1.67 0.517936
1332 -1.669 0.517538
1333 -1.668 0.517141
1334 -1.667 0.516744
1335 -1.666 0.516347
1336 -1.665 0.515949
1337 -1.664 0.515552
1338 -1.663 0.515154
1339 -1.662 0.514756
1340 -1.661 0.514359
1341 -1.66 0.513961
1342 -1.659 0.513563
1343 -1.658 0.513165
1344 -1.657 0.512767
1345 -1.656 0.512369
1346 -1.655 0.511971
1347 -1.654 0.511573
1348 -1.653 0.511175
1349 -1.652 0.510777
1350 -1.651 0.510378
1351 -1.65 0.50998
1352 -1.649 0.509582
1353 -1.648 0.509183
1354 -1.647 0.508785
1355 -1.646 0.508386
1356 -1.645 0.507987
1357 -1.644 0.507588
1358 -1.643 0.50719
1359 -1.642 0.506791
1360 -1.641 0.506392
1361 -1.64 0.505993
1362 -1.639 0.505594
1363 -1.638 0.505195
1364 -1.637 0.504795
1365 -1.636 0.504396
1366 -1.635 0.503997
1367 -1.634 0.503597
1368 -1.633 0.503198
1369 -1.632 0.502798
1370 -1.631 0.502399
1371 -1.63 0.501999
1372 -1.629 0.501599
1373 -1.628 0.5012
1374 -1.627 0.5008
1375 -1.626 0.5004
1376 -1.625 0.5
1377 -1.624 0.4996
1378 -1.623 0.4992
1379 -1.622 0.4988
1380 -1.621 0.498399
1381 -1.62 0.497999
1382 -1.619 0.497599
1383 -1.618 0.497198
1384 -1.617 0.496798
1385 -1.616 0.496397
1386 -1.615 0.495997
1387 -1.614 0.495596
1388 -1.613 0.495195
1389 -1.612 0.494795
1390 -1.611 0.494394
1391 -1.61 0.493993
1392 -1.609 0.493592
1393 -1.608 0.493191
1394 -1.607 0.49279
1395 -1.606 0.492388
1396 -1.605 0.491987
1397 -1.604 0.491586
1398 -1.603 0.491184
1399 -1.602 0.490783
1400 -1.601 0.490381
1401 -1.6 0.48998
1402 -1.599 0.489578
1403 -1.598 0.489177
1404 -1.597 0.488775
1405 -1.596 0.488373
1406 -1.595 0.487971
1407 -1.594 0.487569
1408 -1.593 0.487167
1409 -1.592 0.486765
1410 -1.591 0.486363
1411 -1.59 0.485961
1412 -1.589 0.485558
1413 -1.588 0.485156
1414 -1.587 0.484754
1415 -1.586 0.484351
1416 -1.585 0.483948
1417 -1.584 0.483546
1418 -1.583 0.483143
1419 -1.582 0.48274
1420 -1.581 0.482338
1421 -1.58 0.481935
1422 -1.579 0.481532
1423 -1.578 0.481129
1424 -1.577 0.480726
1425 -1.576 0.480323
1426 -1.575 0.479919
1427 -1.574 0.479516
1428 -1.573 0.479113
1429 -1.572 0.478709
1430 -1.571 0.478306
1431 -1.57 0.477902
1432 -1.569 0.477499
1433 -1.568 0.477095
1434 -1.567 0.476691
1435 -1.566 0.476288
1436 -1.565 0.475884
1437 -1.564 0.47548
1438 -1.563 0.475076
1439 -1.562 0.474672
1440 -1.561 0.474268
1441 -1.56 0.473863
1442 -1.559 0.473459
1443 -1.558 0.473055
1444 -1.557 0.47265
1445 -1.556 0.472246
1446 -1.555 0.471841
1447 -1.554 0.471437
1448 -1.553 0.471032
1449 -1.552 0.470627
1450 -1.551 0.470223
1451 -1.55 0.469818
1452 -1.549 0.469413
1453 -1.548 0.469008
1454 -1.547 0.468603
1455 -1.546 0.468198
1456 -1.545 0.467793
1457 -1.544 0.467387
1458 -1.543 0.466982
1459 -1.542 0.466577
1460 -1.541 0.466171
1461 -1.54 0.465766
1462 -1.539 0.46536
1463 -1.538 0.464954
1464 -1.537 0.464549
1465 -1.536 0.464143
1466 -1.535 0.463737
1467 -1.534 0.463331
1468 -1.533 0.462925
1469 -1.532 0.462519
1470 -1.531 0.462113
1471 -1.53 0.461707
1472 -1.529 0.4613
1473 -1.528 0.460894
1474 -1.527 0.460488
1475 -1.526 0.460081
1476 -1.525 0.459675
1477 -1.524 0.459268
1478 -1.523 0.458862
1479 -1.522 0.458455
1480 -1.521 0.458048
1481 -1.52 0.457641
1482 -1.519 0.457234
1483 -1.518 0.456827
1484 -1.517 0.45642
1485 -1.516 0.456013
1486 -1.515 0.455606
1487 -1.514 0.455199
1488 -1.513 0.454791
1489 -1.512 0.454384
1490 -1.511 0.453976
1491 -1.51 0.453569
1492 -1.509 0.453161
1493 -1.508 0.452754
1494 -1.507 0.452346
1495 -1.506 0.451938
1496 -1.505 0.45153
1497 -1.504 0.451122
1498 -1.503 0.450714
1499 -1.502 0.450306
1500 -1.501 0.449898
1501 -1.5 0.44949
1502 -1.499 0.449081
1503 -1.498 0.448673
1504 -1.497 0.448265
1505 -1.496 0.447856
1506 -1.495 0.447448
1507 -1.494 0.447039
1508 -1.493 0.44663
1509 -1.492 0.446222
1510 -1.491 0.445813
1511 -1.49 0.445404
1512 -1.489 0.444995
1513 -1.488 0.444586
1514 -1.487 0.444177
1515 -1.486 0.443768
1516 -1.485 0.443358
1517 -1.484 0.442949
1518 -1.483 0.44254
1519 -1.482 0.44213
1520 -1.481 0.441721
1521 -1.48 0.441311
1522 -1.479 0.440901
1523 -1.478 0.440492
1524 -1.477 0.440082
1525 -1.476 0.439672
1526 -1.475 0.439262
1527 -1.474 0.438852
1528 -1.473 0.438442
1529 -1.472 0.438032
1530 -1.471 0.437622
1531 -1.47 0.437212
1532 -1.469 0.436801
1533 -1.468 0.436391
1534 -1.467 0.43598
1535 -1.466 0.43557
1536 -1.465 0.435159
1537 -1.464 0.434748
1538 -1.463 0.434338
1539 -1.462 0.433927
1540 -1.461 0.433516
1541 -1.46 0.433105
1542 -1.459 0.432694
1543 -1.458 0.432283
1544 -1.457 0.431872
1545 -1.456 0.43146
1546 -1.455 0.431049
1547 -1.454 0.430638
1548 -1.453 0.430226
1549 -1.452 0.429815
1550 -1.451 0.429403
1551 -1.45 0.428992
1552 -1.449 0.42858
1553 -1.448 0.428168
1554 -1.447 0.427756
1555 -1.446 0.427344
1556 -1.445 0.426932
1557 -1.444 0.42652
1558 -1.443 0.426108
1559 -1.442 0.425696
1560 -1.441 0.425283
1561 -1.44 0.424871
1562 -1.439 0.424459
1563 -1.438 0.424046
1564 -1.437 0.423634
1565 -1.436 0.423221
1566 -1.435 0.422808
1567 -1.434 0.422396
1568 -1.433 0.421983
1569 -1.432 0.42157
1570 -1.431 0.421157
1571 -1.43 0.420744
1572 -1.429 0.420331
1573 -1.428 0.419917
1574 -1.427 0.419504
1575 -1.426 0.419091
1576 -1.425 0.418677
1577 -1.424 0.418264
1578 -1.423 0.41785
1579 -1.422 0.417437
1580 -1.421 0.417023
1581 -1.42 0.416609
1582 -1.419 0.416195
1583 -1.418 0.415781
1584 -1.417 0.415367
1585 -1.416 0.414953
1586 -1.415 0.414539
1587 -1.414 0.414125
1588 -1.413 0.413711
1589 -1.412 0.413297
1590 -1.411 0.412882
1591 -1.41 0.412468
1592 -1.409 0.412053
1593 -1.408 0.411638
1594 -1.407 0.411224
1595 -1.406 0.410809
1596 -1.405 0.410394
1597 -1.404 0.409979
1598 -1.403 0.409564
1599 -1.402 0.409149
1600 -1.401 0.408734
1601 -1.4 0.408319
1602 -1.399 0.407904
1603 -1.398 0.407488
1604 -1.397 0.407073
1605 -1.396 0.406657
1606 -1.395 0.406242
1607 -1.394 0.405826
1608 -1.393 0.405411
1609 -1.392 0.404995
1610 -1.391 0.404579
1611 -1.39 0.404163
1612 -1.389 0.403747
1613 -1.388 0.403331
1614 -1.387 0.402915
1615 -1.386 0.402499
1616 -1.385 0.402082
1617 -1.384 0.401666
1618 -1.383 0.40125
1619 -1.382 0.400833
1620 -1.381 0.400417
1621 -1.38 0.4
1622 -1.379 0.399583
1623 -1.378 0.399167
1624 -1.377 0.39875
1625 -1.376 0.398333
1626 -1.375 0.397916
1627 -1.374 0.397499
1628 -1.373 0.397082
1629 -1.372 0.396664
1630 -1.371 0.396247
1631 -1.37 0.39583
1632 -1.369 0.395412
1633 -1.368 0.394995
1634 -1.367 0.394577
1635 -1.366 0.39416
1636 -1.365 0.393742
1637 -1.364 0.393324
1638 -1.363 0.392906
1639 -1.362 0.392488
1640 -1.361 0.39207
1641 -1.36 0.391652
1642 -1.359 0.391234
1643 -1.358 0.390816
1644 -1.357 0.390397
1645 -1.356 0.389979
1646 -1.355 0.389561
1647 -1.354 0.389142
1648 -1.353 0.388724
1649 -1.352 0.388305
1650 -1.351 0.387886
1651 -1.35 0.387467
1652 -1.349 0.387048
1653 -1.348 0.386629
1654 -1.347 0.38621
1655 -1.346 0.385791
1656 -1.345 0.385372
1657 -1.344 0.384953
1658 -1.343 0.384533
1659 -1.342 0.384114
1660 -1.341 0.383695
1661 -1.34 0.383275
1662 -1.339 0.382855
1663 -1.338 0.382436
1664 -1.337 0.382016
1665 -1.336 0.381596
1666 -1.335 0.381176
1667 -1.334 0.380756
1668 -1.333 0.380336
1669 -1.332 0.379916
1670 -1.331 0.379496
1671 -1.33 0.379075
1672 -1.329 0.378655
1673 -1.328 0.378235
1674 -1.327 0.377814
1675 -1.326 0.377394
1676 -1.325 0.376973
1677 -1.324 0.376552
1678 -1.323 0.376131
1679 -1.322 0.37571
1680 -1.321 0.375289
1681 -1.32 0.374868
1682 -1.319 0.374447
1683 -1.318 0.374026
1684 -1.317 0.373605
1685 -1.316 0.373184
1686 -1.315 0.372762
1687 -1.314 0.372341
1688 -1.313 0.371919
1689 -1.312 0.371497
1690 -1.311 0.371076
1691 -1.31 0.370654
1692 -1.309 0.370232
1693 -1.308 0.36981
1694 -1.307 0.369388
1695 -1.306 0.368966
1696 -1.305 0.368544
1697 -1.304 0.368122
1698 -1.303 0.367699
1699 -1.302 0.367277
1700 -1.301 0.366854
1701 -1.3 0.366432
1702 -1.299 0.366009
1703 -1.298 0.365587
1704 -1.297 0.365164
1705 -1.296 0.364741
1706 -1.295 0.364318
1707 -1.294 0.363895
1708 -1.293 0.363472
1709 -1.292 0.363049
1710 -1.291 0.362626
1711 -1.29 0.362202
1712 -1.289 0.361779
1713 -1.288 0.361356
1714 -1.287 0.360932
1715 -1.286 0.360508
1716 -1.285 0.360085
1717 -1.284 0.359661
1718 -1.283 0.359237
1719 -1.282 0.358813
1720 -1.281 0.358389
1721 -1.28 0.357965
1722 -1.279 0.357541
1723 -1.278 0.357117
1724 -1.277 0.356693
1725 -1.276 0.356268
1726 -1.275 0.355844
1727 -1.274 0.355419
1728 -1.273 0.354995
1729 -1.272 0.35457
1730 -1.271 0.354145
1731 -1.27 0.35372
1732 -1.269 0.353296
1733 -1.268 0.352871
1734 -1.267 0.352446
1735 -1.266 0.35202
1736 -1.265 0.351595
1737 -1.264 0.35117
1738 -1.263 0.350745
1739 -1.262 0.350319
1740 -1.261 0.349894
1741 -1.26 0.349468
1742 -1.259 0.349042
1743 -1.258 0.348617
1744 -1.257 0.348191
1745 -1.256 0.347765
1746 -1.255 0.347339
1747 -1.254 0.346913
1748 -1.253 0.346487
1749 -1.252 0.346061
1750 -1.251 0.345634
1751 -1.25 0.345208
1752 -1.249 0.344781
1753 -1.248 0.344355
1754 -1.247 0.343928
1755 -1.246 0.343502
1756 -1.245 0.343075
1757 -1.244 0.342648
1758 -1.243 0.342221
1759 -1.242 0.341794
1760 -1.241 0.341367
1761 -1.24 0.34094
1762 -1.239 0.340513
1763 -1.238 0.340085
1764 -1.237 0.339658
1765 -1.236 0.339231
1766 -1.235 0.338803
1767 -1.234 0.338376
1768 -1.233 0.337948
1769 -1.232 0.33752
1770 -1.231 0.337092
1771 -1.23 0.336664
1772 -1.229 0.336236
1773 -1.228 0.335808
1774 -1.227 0.33538
1775 -1.226 0.334952
1776 -1.225 0.334524
1777 -1.224 0.334095
1778 -1.223 0.333667
1779 -1.222 0.333238
1780 -1.221 0.332809
1781 -1.22 0.332381
1782 -1.219 0.331952
1783 -1.218 0.331523
1784 -1.217 0.331094
1785 -1.216 0.330665
1786 -1.215 0.330236
1787 -1.214 0.329807
1788 -1.213 0.329378
1789 -1.212 0.328948
1790 -1.211 0.328519
1791 -1.21 0.328089
1792 -1.209 0.32766
1793 -1.208 0.32723
1794 -1.207 0.3268
1795 -1.206 0.326371
1796 -1.205 0.325941
1797 -1.204 0.325511
1798 -1.203 0.325081
1799 -1.202 0.324651
1800 -1.201 0.32422
1801 -1.2 0.32379
1802 -1.199 0.32336
1803 -1.198 0.322929
1804 -1.197 0.322499
1805 -1.196 0.322068
1806 -1.195 0.321637
1807 -1.194 0.321207
1808 -1.193 0.320776
1809 -1.192 0.320345
1810 -1.191 0.319914
1811 -1.19 0.319483
1812 -1.189 0.319052
1813 -1.188 0.31862
1814 -1.187 0.318189
1815 -1.186 0.317758
1816 -1.185 0.317326
1817 -1.184 0.316894
1818 -1.183 0.316463
1819 -1.182 0.316031
1820 -1.181 0.315599
1821 -1.18 0.315167
1822 -1.179 0.314735
1823 -1.178 0.314303
1824 -1.177 0.313871
1825 -1.176 0.313439
1826 -1.175 0.313007
1827 -1.174 0.312574
1828 -1.173 0.312142
1829 -1.172 0.311709
1830 -1.171 0.311277
1831 -1.17 0.310844
1832 -1.169 0.310411
1833 -1.168 0.309978
1834 -1.167 0.309545
1835 -1.166 0.309112
1836 -1.165 0.308679
1837 -1.164 0.308246
1838 -1.163 0.307813
1839 -1.162 0.307379
1840 -1.161 0.306946
1841 -1.16 0.306513
1842 -1.159 0.306079
1843 -1.158 0.305645
1844 -1.157 0.305211
1845 -1.156 0.304778
1846 -1.155 0.304344
1847 -1.154 0.30391
1848 -1.153 0.303476
1849 -1.152 0.303041
1850 -1.151 0.302607
1851 -1.15 0.302173
1852 -1.149 0.301738
1853 -1.148 0.301304
1854 -1.147 0.300869
1855 -1.146 0.300435
1856 -1.145 0.3
1857 -1.144 0.299565
1858 -1.143 0.29913
1859 -1.142 0.298695
1860 -1.141 0.29826
1861 -1.14 0.297825
1862 -1.139 0.29739
1863 -1.138 0.296955
1864 -1.137 0.296519
1865 -1.136 0.296084
1866 -1.135 0.295648
1867 -1.134 0.295212
1868 -1.133 0.294777
1869 -1.132 0.294341
1870 -1.131 0.293905
1871 -1.13 0.293469
1872 -1.129 0.293033
1873 -1.128 0.292597
1874 -1.127 0.292161
1875 -1.126 0.291724
1876 -1.125 0.291288
1877 -1.124 0.290851
1878 -1.123 0.290415
1879 -1.122 0.289978
1880 -1.121 0.289541
1881 -1.12 0.289105
1882 -1.119 0.288668
1883 -1.118 0.288231
1884 -1.117 0.287794
1885 -1.116 0.287357
1886 -1.115 0.286919
1887 -1.114 0.286482
1888 -1.113 0.286045
1889 -1.112 0.285607
1890 -1.111 0.28517
1891 -1.11 0.284732
1892 -1.109 0.284294
1893 -1.108 0.283856
1894 -1.107 0.283418
1895 -1.106 0.282981
1896 -1.105 0.282542
1897 -1.104 0.282104
1898 -1.103 0.281666
1899 -1.102 0.281228
1900 -1.101 0.280789
1901 -1.1 0.280351
1902 -1.099 0.279912
1903 -1.098 0.279474
1904 -1.097 0.279035
1905 -1.096 0.278596
1906 -1.095 0.278157
1907 -1.094 0.277718
1908 -1.093 0.277279
1909 -1.092 0.27684
1910 -1.091 0.276401
1911 -1.09 0.275961
1912 -1.089 0.275522
1913 -1.088 0.275082
1914 -1.087 0.274643
1915 -1.086 0.274203
1916 -1.085 0.273763
1917 -1.084 0.273324
1918 -1.083 0.272884
1919 -1.082 0.272444
1920 -1.081 0.272004
1921 -1.08 0.271563
1922 -1.079 0.271123
1923 -1.078 0.270683
1924 -1.077 0.270242
1925 -1.076 0.269802
1926 -1.075 0.269361
1927 -1.074 0.26892
1928 -1.073 0.26848
1929 -1.072 0.268039
1930 -1.071 0.267598
1931 -1.07 0.267157
1932 -1.069 0.266716
1933 -1.068 0.266274
1934 -1.067 0.265833
1935 -1.066 0.265392
1936 -1.065 0.26495
1937 -1.064 0.264509
1938 -1.063 0.264067
1939 -1.062 0.263625
1940 -1.061 0.263184
1941 -1.06 0.262742
1942 -1.059 0.2623
1943 -1.058 0.261858
1944 -1.057 0.261415
1945 -1.056 0.260973
1946 -1.055 0.260531
1947 -1.054 0.260088
1948 -1.053 0.259646
1949 -1.052 0.259203
1950 -1.051 0.258761
1951 -1.05 0.258318
1952 -1.049 0.257875
1953 -1.048 0.257432
1954 -1.047 0.256989
1955 -1.046 0.256546
1956 -1.045 0.256103
1957 -1.044 0.25566
1958 -1.043 0.255216
1959 -1.042 0.254773
1960 -1.041 0.254329
1961 -1.04 0.253886
1962 -1.039 0.253442
1963 -1.038 0.252998
1964 -1.037 0.252554
1965 -1.036 0.25211
1966 -1.035 0.251666
1967 -1.034 0.251222
1968 -1.033 0.250778
1969 -1.032 0.250333
1970 -1.031 0.249889
1971 -1.03 0.249444
1972 -1.029 0.249
1973 -1.028 0.248555
1974 -1.027 0.24811
1975 -1.026 0.247665
1976 -1.025 0.247221
1977 -1.024 0.246775
1978 -1.023 0.24633
1979 -1.022 0.245885
1980 -1.021 0.24544
1981 -1.02 0.244994
1982 -1.019 0.244549
1983 -1.018 0.244103
1984 -1.017 0.243658
1985 -1.016 0.243212
1986 -1.015 0.242766
1987 -1.014 0.24232
1988 -1.013 0.241874
1989 -1.012 0.241428
1990 -1.011 0.240982
1991 -1.01 0.240536
1992 -1.009 0.240089
1993 -1.008 0.239643
1994 -1.007 0.239196
1995 -1.006 0.23875
1996 -1.005 0.238303
1997 -1.004 0.237856
1998 -1.003 0.237409
1999 -1.002 0.236962
2000 -1.001 0.236515
2001 -1 0.236068
2002 -0.999 0.235621
2003 -0.998 0.235173
2004 -0.997 0.234726
2005 -0.996 0.234278
2006 -0.995 0.233831
2007 -0.994 0.233383
2008 -0.993 0.232935
2009 -0.992 0.232487
2010 -0.991 0.232039
2011 -0.99 0.231591
2012 -0.989 0.231143
2013 -0.988 0.230695
2014 -0.987 0.230247
2015 -0.986 0.229798
2016 -0.985 0.22935
2017 -0.984 0.228901
2018 -0.983 0.228452
2019 -0.982 0.228004
2020 -0.981 0.227555
2021 -0.98 0.227106
2022 -0.979 0.226657
2023 -0.978 0.226208
2024 -0.977 0.225758
2025 -0.976 0.225309
2026 -0.975 0.22486
2027 -0.974 0.22441
2028 -0.973 0.22396
2029 -0.972 0.223511
2030 -0.971 0.223061
2031 -0.97 0.222611
2032 -0.969 0.222161
2033 -0.968 0.221711
2034 -0.967 0.221261
2035 -0.966 0.220811
2036 -0.965 0.22036
2037 -0.964 0.21991
2038 -0.963 0.219459
2039 -0.962 0.219009
2040 -0.961 0.218558
2041 -0.96 0.218107
2042 -0.959 0.217656
2043 -0.958 0.217205
2044 -0.957 0.216754
2045 -0.956 0.216303
2046 -0.955 0.215852
2047 -0.954 0.215401
2048 -0.953 0.214949
2049 -0.952 0.214498
2050 -0.951 0.214046
2051 -0.95 0.213594
2052 -0.949 0.213143
2053 -0.948 0.212691
2054 -0.947 0.212239
2055 -0.946 0.211787
2056 -0.945 0.211334
2057 -0.944 0.210882
2058 -0.943 0.21043
2059 -0.942 0.209977
2060 -0.941 0.209525
2061 -0.94 0.209072
2062 -0.939 0.208619
2063 -0.938 0.208167
2064 -0.937 0.207714
2065 -0.936 0.207261
2066 -0.935 0.206808
2067 -0.934 0.206354
2068 -0.933 0.205901
2069 -0.932 0.205448
2070 -0.931 0.204994
2071 -0.93 0.204541
2072 -0.929 0.204087
2073 -0.928 0.203633
2074 -0.927 0.20318
2075 -0.926 0.202726
2076 -0.925 0.202272
2077 -0.924 0.201817
2078 -0.923 0.201363
2079 -0.922 0.200909
2080 -0.921 0.200454
2081 -0.92 0.2
2082 -0.919 0.199545
2083 -0.918 0.199091
2084 -0.917 0.198636
2085 -0.916 0.198181
2086 -0.915 0.197726
2087 -0.914 0.197271
2088 -0.913 0.196816
2089 -0.912 0.196361
2090 -0.911 0.195905
2091 -0.91 0.19545
2092 -0.909 0.194994
2093 -0.908 0.194539
2094 -0.907 0.194083
2095 -0.906 0.193627
2096 -0.905 0.193171
2097 -0.904 0.192715
2098 -0.903 0.192259
2099 -0.902 0.191803
2100 -0.901 0.191347
2101 -0.9 0.19089
2102 -0.899 0.190434
2103 -0.898 0.189977
2104 -0.897 0.18952
2105 -0.896 0.189064
2106 -0.895 0.188607
2107 -0.894 0.18815
2108 -0.893 0.187693
2109 -0.892 0.187236
2110 -0.891 0.186778
2111 -0.89 0.186321
2112 -0.889 0.185864
2113 -0.888 0.185406
2114 -0.887 0.184949
2115 -0.886 0.184491
2116 -0.885 0.184033
2117 -0.884 0.183575
2118 -0.883 0.183117
2119 -0.882 0.182659
2120 -0.881 0.182201
2121 -0.88 0.181742
2122 -0.879 0.181284
2123 -0.878 0.180826
2124 -0.877 0.180367
2125 -0.876 0.179908
2126 -0.875 0.179449
2127 -0.874 0.178991
2128 -0.873 0.178532
2129 -0.872 0.178073
2130 -0.871 0.177613
2131 -0.87 0.177154
2132 -0.869 0.176695
2133 -0.868 0.176235
2134 -0.867 0.175776
2135 -0.866 0.175316
2136 -0.865 0.174856
2137 -0.864 0.174396
2138 -0.863 0.173937
2139 -0.862 0.173476
2140 -0.861 0.173016
2141 -0.86 0.172556
2142 -0.859 0.172096
2143 -0.858 0.171635
2144 -0.857 0.171175
2145 -0.856 0.170714
2146 -0.855 0.170253
2147 -0.854 0.169793
2148 -0.853 0.169332
2149 -0.852 0.168871
2150 -0.851 0.16841
2151 -0.85 0.167948
2152 -0.849 0.167487
2153 -0.848 0.167026
2154 -0.847 0.166564
2155 -0.846 0.166102
2156 -0.845 0.165641
2157 -0.844 0.165179
2158 -0.843 0.164717
2159 -0.842 0.164255
2160 -0.841 0.163793
2161 -0.84 0.163331
2162 -0.839 0.162868
2163 -0.838 0.162406
2164 -0.837 0.161944
2165 -0.836 0.161481
2166 -0.835 0.161018
2167 -0.834 0.160555
2168 -0.833 0.160093
2169 -0.832 0.15963
2170 -0.831 0.159167
2171 -0.83 0.158703
2172 -0.829 0.15824
2173 -0.828 0.157777
2174 -0.827 0.157313
2175 -0.826 0.15685
2176 -0.825 0.156386
2177 -0.824 0.155922
2178 -0.823 0.155458
2179 -0.822 0.154994
2180 -0.821 0.15453
2181 -0.82 0.154066
2182 -0.819 0.153602
2183 -0.818 0.153137
2184 -0.817 0.152673
2185 -0.816 0.152208
2186 -0.815 0.151743
2187 -0.814 0.151279
2188 -0.813 0.150814
2189 -0.812 0.150349
2190 -0.811 0.149884
2191 -0.81 0.149419
2192 -0.809 0.148953
2193 -0.808 0.148488
2194 -0.807 0.148022
2195 -0.806 0.147557
2196 -0.805 0.147091
2197 -0.804 0.146625
2198 -0.803 0.146159
2199 -0.802 0.145693
2200 -0.801 0.145227
2201 -0.8 0.144761
2202 -0.799 0.144295
2203 -0.798 0.143828
2204 -0.797 0.143362
2205 -0.796 0.142895
2206 -0.795 0.142429
2207 -0.794 0.141962
2208 -0.793 0.141495
2209 -0.792 0.141028
2210 -0.791 0.140561
2211 -0.79 0.140093
2212 -0.789 0.139626
2213 -0.788 0.139159
2214 -0.787 0.138691
2215 -0.786 0.138224
2216 -0.785 0.137756
2217 -0.784 0.137288
2218 -0.783 0.13682
2219 -0.782 0.136352
2220 -0.781 0.135884
2221 -0.78 0.135416
2222 -0.779 0.134947
2223 -0.778 0.134479
2224 -0.777 0.13401
2225 -0.776 0.133542
2226 -0.775 0.133073
2227 -0.774 0.132604
2228 -0.773 0.132135
2229 -0.772 0.131666
2230 -0.771 0.131197
2231 -0.77 0.130728
2232 -0.769 0.130258
2233 -0.768 0.129789
2234 -0.767 0.129319
2235 -0.766 0.128849
2236 -0.765 0.12838
2237 -0.764 0.12791
2238 -0.763 0.12744
2239 -0.762 0.12697
2240 -0.761 0.126499
2241 -0.76 0.126029
2242 -0.759 0.125559
2243 -0.758 0.125088
2244 -0.757 0.124618
2245 -0.756 0.124147
2246 -0.755 0.123676
2247 -0.754 0.123205
2248 -0.753 0.122734
2249 -0.752 0.122263
2250 -0.751 0.121792
2251 -0.75 0.12132
2252 -0.749 0.120849
2253 -0.748 0.120377
2254 -0.747 0.119906
2255 -0.746 0.119434
2256 -0.745 0.118962
2257 -0.744 0.11849
2258 -0.743 0.118018
2259 -0.742 0.117546
2260 -0.741 0.117073
2261 -0.74 0.116601
2262 -0.739 0.116129
2263 -0.738 0.115656
2264 -0.737 0.115183
2265 -0.736 0.11471
2266 -0.735 0.114237
2267 -0.734 0.113764
2268 -0.733 0.113291
2269 -0.732 0.112818
2270 -0.731 0.112345
2271 -0.73 0.111871
2272 -0.729 0.111398
2273 -0.728 0.110924
2274 -0.727 0.11045
2275 -0.726 0.109976
2276 -0.725 0.109502
2277 -0.724 0.109028
2278 -0.723 0.108554
2279 -0.722 0.10808
2280 -0.721 0.107605
2281 -0.72 0.107131
2282 -0.719 0.106656
2283 -0.718 0.106181
2284 -0.717 0.105707
2285 -0.716 0.105232
2286 -0.715 0.104757
2287 -0.714 0.104281
2288 -0.713 0.103806
2289 -0.712 0.103331
2290 -0.711 0.102855
2291 -0.71 0.10238
2292 -0.709 0.101904
2293 -0.708 0.101428
2294 -0.707 0.100952
2295 -0.706 0.100476
2296 -0.705 0.1
2297 -0.704 0.0995238
2298 -0.703 0.0990474
2299 -0.702 0.0985709
2300 -0.701 0.0980944
2301 -0.7 0.0976177
2302 -0.699 0.0971409
2303 -0.698 0.096664
2304 -0.697 0.096187
2305 -0.696 0.0957099
2306 -0.695 0.0952327
2307 -0.694 0.0947554
2308 -0.693 0.0942779
2309 -0.692 0.0938004
2310 -0.691 0.0933227
2311 -0.69 0.092845
2312 -0.689 0.0923671
2313 -0.688 0.0918891
2314 -0.687 0.091411
2315 -0.686 0.0909328
2316 -0.685 0.0904545
2317 -0.684 0.0899761
2318 -0.683 0.0894975
2319 -0.682 0.0890189
2320 -0.681 0.0885402
2321 -0.68 0.0880613
2322 -0.679 0.0875823
2323 -0.678 0.0871033
2324 -0.677 0.0866241
2325 -0.676 0.0861448
2326 -0.675 0.0856654
2327 -0.674 0.0851858
2328 -0.673 0.0847062
2329 -0.672 0.0842265
2330 -0.671 0.0837466
2331 -0.67 0.0832667
2332 -0.669 0.0827866
2333 -0.668 0.0823064
2334 -0.667 0.0818261
2335 -0.666 0.0813457
2336 -0.665 0.0808652
2337 -0.664 0.0803846
2338 -0.663 0.0799038
2339 -0.662 0.079423
2340 -0.661 0.078942
2341 -0.66 0.078461
2342 -0.659 0.0779798
2343 -0.658 0.0774985
2344 -0.657 0.0770171
2345 -0.656 0.0765356
2346 -0.655 0.0760539
2347 -0.654 0.0755722
2348 -0.653 0.0750904
2349 -0.652 0.0746084
2350 -0.651 0.0741263
2351 -0.65 0.0736441
2352 -0.649 0.0731618
2353 -0.648 0.0726794
2354 -0.647 0.0721969
2355 -0.646 0.0717143
2356 -0.645 0.0712315
2357 -0.644 0.0707487
2358 -0.643 0.0702657
2359 -0.642 0.0697826
2360 -0.641 0.0692994
2361 -0.64 0.0688161
2362 -0.639 0.0683327
2363 -0.638 0.0678491
2364 -0.637 0.0673655
2365 -0.636 0.0668817
2366 -0.635 0.0663978
2367 -0.634 0.0659138
2368 -0.633 0.0654297
2369 -0.632 0.0649455
2370 -0.631 0.0644612
2371 -0.63 0.0639767
2372 -0.629 0.0634922
2373 -0.628 0.0630075
2374 -0.627 0.0625227
2375 -0.626 0.0620378
2376 -0.625 0.0615528
2377 -0.624 0.0610677
2378 -0.623 0.0605824
2379 -0.622 0.0600971
2380 -0.621 0.0596116
2381 -0.62 0.059126
2382 -0.619 0.0586403
2383 -0.618 0.0581545
2384 -0.617 0.0576686
2385 -0.616 0.0571825
2386 -0.615 0.0566964
2387 -0.614 0.0562101
2388 -0.613 0.0557237
2389 -0.612 0.0552372
2390 -0.611 0.0547506
2391 -0.61 0.0542639
2392 -0.609 0.053777
2393 -0.608 0.05329
2394 -0.607 0.052803
2395 -0.606 0.0523158
2396 -0.605 0.0518285
2397 -0.604 0.051341
2398 -0.603 0.0508535
2399 -0.602 0.0503658
2400 -0.601 0.049878
2401 -0.6 0.0493902
2402 -0.599 0.0489021
2403 -0.598 0.048414
2404 -0.597 0.0479258
2405 -0.596 0.0474374
2406 -0.595 0.0469489
2407 -0.594 0.0464604
2408 -0.593 0.0459717
2409 -0.592 0.0454828
2410 -0.591 0.0449939
2411 -0.59 0.0445048
2412 -0.589 0.0440157
2413 -0.588 0.0435264
2414 -0.587 0.043037
2415 -0.586 0.0425474
2416 -0.585 0.0420578
2417 -0.584 0.041568
2418 -0.583 0.0410781
2419 -0.582 0.0405882
2420 -0.581 0.040098
2421 -0.58 0.0396078
2422 -0.579 0.0391175
2423 -0.578 0.038627
2424 -0.577 0.0381364
2425 -0.576 0.0376457
2426 -0.575 0.0371549
2427 -0.574 0.0366639
2428 -0.573 0.0361729
2429 -0.572 0.0356817
2430 -0.571 0.0351904
2431 -0.57 0.034699
2432 -0.569 0.0342075
2433 -0.568 0.0337158
2434 -0.567 0.033224
2435 -0.566 0.0327322
2436 -0.565 0.0322401
2437 -0.564 0.031748
2438 -0.563 0.0312558
2439 -0.562 0.0307634
2440 -0.561 0.0302709
2441 -0.56 0.0297783
2442 -0.559 0.0292856
2443 -0.558 0.0287927
2444 -0.557 0.0282998
2445 -0.556 0.0278067
2446 -0.555 0.0273135
2447 -0.554 0.0268202
2448 -0.553 0.0263267
2449 -0.552 0.0258332
2450 -0.551 0.0253395
2451 -0.55 0.0248457
2452 -0.549 0.0243517
2453 -0.548 0.0238577
2454 -0.547 0.0233635
2455 -0.546 0.0228692
2456 -0.545 0.0223748
2457 -0.544 0.0218803
2458 -0.543 0.0213857
2459 -0.542 0.0208909
2460 -0.541 0.020396
2461 -0.54 0.019901
2462 -0.539 0.0194059
2463 -0.538 0.0189106
2464 -0.537 0.0184152
2465 -0.536 0.0179197
2466 -0.535 0.0174241
2467 -0.534 0.0169284
2468 -0.533 0.0164325
2469 -0.532 0.0159365
2470 -0.531 0.0154404
2471 -0.53 0.0149442
2472 -0.529 0.0144478
2473 -0.528 0.0139513
2474 -0.527 0.0134547
2475 -0.526 0.012958
2476 -0.525 0.0124612
2477 -0.524 0.0119642
2478 -0.523 0.0114671
2479 -0.522 0.0109699
2480 -0.521 0.0104726
2481 -0.52 0.00997512
2482 -0.519 0.00947754
2483 -0.518 0.00897984
2484 -0.517 0.00848201
2485 -0.516 0.00798406
2486 -0.515 0.00748599
2487 -0.514 0.00698779
2488 -0.513 0.00648947
2489 -0.512 0.00599103
2490 -0.511 0.00549246
2491 -0.51 0.00499377
2492 -0.509 0.00449495
2493 -0.508 0.00399601
2494 -0.507 0.00349694
2495 -0.506 0.00299775
2496 -0.505 0.00249844
2497 -0.504 0.001999
2498 -0.503 0.00149944
2499 -0.502 0.00099975
2500 -0.501 0.000499938
2501 -0.5 1.0969e-013
2502 -0.499 -0.000500063
2503 -0.498 -0.00100025
2504 -0.497 -0.00150056
2505 -0.496 -0.002001
2506 -0.495 -0.00250156
2507 -0.494 -0.00300225
2508 -0.493 -0.00350307
2509 -0.492 -0.00400401
2510 -0.491 -0.00450507
2511 -0.49 -0.00500627
2512 -0.489 -0.00550758
2513 -0.488 -0.00600903
2514 -0.487 -0.0065106
2515 -0.486 -0.00701229
2516 -0.485 -0.00751412
2517 -0.484 -0.00801606
2518 -0.483 -0.00851814
2519 -0.482 -0.00902034
2520 -0.481 -0.00952267
2521 -0.48 -0.0100251
2522 -0.479 -0.0105277
2523 -0.478 -0.0110304
2524 -0.477 -0.0115333
2525 -0.476 -0.0120362
2526 -0.475 -0.0125393
2527 -0.474 -0.0130425
2528 -0.473 -0.0135459
2529 -0.472 -0.0140493
2530 -0.471 -0.0145529
2531 -0.47 -0.0150567
2532 -0.469 -0.0155605
2533 -0.468 -0.0160645
2534 -0.467 -0.0165686
2535 -0.466 -0.0170729
2536 -0.465 -0.0175772
2537 -0.464 -0.0180817
2538 -0.463 -0.0185864
2539 -0.462 -0.0190911
2540 -0.461 -0.019596
2541 -0.46 -0.020101
2542 -0.459 -0.0206062
2543 -0.458 -0.0211114
2544 -0.457 -0.0216168
2545 -0.456 -0.0221223
2546 -0.455 -0.022628
2547 -0.454 -0.0231338
2548 -0.453 -0.0236397
2549 -0.452 -0.0241458
2550 -0.451 -0.0246519
2551 -0.45 -0.0251582
2552 -0.449 -0.0256647
2553 -0.448 -0.0261712
2554 -0.447 -0.0266779
2555 -0.446 -0.0271848
2556 -0.445 -0.0276917
2557 -0.444 -0.0281988
2558 -0.443 -0.028706
2559 -0.442 -0.0292134
2560 -0.441 -0.0297208
2561 -0.44 -0.0302284
2562 -0.439 -0.0307362
2563 -0.438 -0.031244
2564 -0.437 -0.031752
2565 -0.436 -0.0322602
2566 -0.435 -0.0327684
2567 -0.434 -0.0332768
2568 -0.433 -0.0337854
2569 -0.432 -0.034294
2570 -0.431 -0.0348028
2571 -0.43 -0.0353117
2572 -0.429 -0.0358208
2573 -0.428 -0.03633
2574 -0.427 -0.0368393
2575 -0.426 -0.0373487
2576 -0.425 -0.0378583
2577 -0.424 -0.038368
2578 -0.423 -0.0388779
2579 -0.422 -0.0393879
2580 -0.421 -0.039898
2581 -0.42 -0.0404082
2582 -0.419 -0.0409186
2583 -0.418 -0.0414291
2584 -0.417 -0.0419397
2585 -0.416 -0.0424505
2586 -0.415 -0.0429614
2587 -0.414 -0.0434725
2588 -0.413 -0.0439836
2589 -0.412 -0.044495
2590 -0.411 -0.0450064
2591 -0.41 -0.045518
2592 -0.409 -0.0460297
2593 -0.408 -0.0465415
2594 -0.407 -0.0470535
2595 -0.406 -0.0475656
2596 -0.405 -0.0480779
2597 -0.404 -0.0485903
2598 -0.403 -0.0491028
2599 -0.402 -0.0496154
2600 -0.401 -0.0501282
2601 -0.4 -0.0506411
2602 -0.399 -0.0511542
2603 -0.398 -0.0516674
2604 -0.397 -0.0521807
2605 -0.396 -0.0526942
2606 -0.395 -0.0532078
2607 -0.394 -0.0537215
2608 -0.393 -0.0542354
2609 -0.392 -0.0547494
2610 -0.391 -0.0552635
2611 -0.39 -0.0557778
2612 -0.389 -0.0562922
2613 -0.388 -0.0568068
2614 -0.387 -0.0573214
2615 -0.386 -0.0578363
2616 -0.385 -0.0583512
2617 -0.384 -0.0588663
2618 -0.383 -0.0593815
2619 -0.382 -0.0598969
2620 -0.381 -0.0604124
2621 -0.38 -0.0609281
2622 -0.379 -0.0614438
2623 -0.378 -0.0619598
2624 -0.377 -0.0624758
2625 -0.376 -0.062992
2626 -0.375 -0.0635083
2627 -0.374 -0.0640248
2628 -0.373 -0.0645414
2629 -0.372 -0.0650581
2630 -0.371 -0.065575
2631 -0.37 -0.066092
2632 -0.369 -0.0666092
2633 -0.368 -0.0671265
2634 -0.367 -0.0676439
2635 -0.366 -0.0681615
2636 -0.365 -0.0686792
2637 -0.364 -0.0691971
2638 -0.363 -0.069715
2639 -0.362 -0.0702332
2640 -0.361 -0.0707514
2641 -0.36 -0.0712698
2642 -0.359 -0.0717884
2643 -0.358 -0.0723071
2644 -0.357 -0.0728259
2645 -0.356 -0.0733449
2646 -0.355 -0.073864
2647 -0.354 -0.0743832
2648 -0.353 -0.0749026
2649 -0.352 -0.0754221
2650 -0.351 -0.0759418
2651 -0.35 -0.0764616
2652 -0.349 -0.0769815
2653 -0.348 -0.0775016
2654 -0.347 -0.0780219
2655 -0.346 -0.0785422
2656 -0.345 -0.0790627
2657 -0.344 -0.0795834
2658 -0.343 -0.0801042
2659 -0.342 -0.0806251
2660 -0.341 -0.0811462
2661 -0.34 -0.0816674
2662 -0.339 -0.0821887
2663 -0.338 -0.0827102
2664 -0.337 -0.0832319
2665 -0.336 -0.0837537
2666 -0.335 -0.0842756
2667 -0.334 -0.0847977
2668 -0.333 -0.0853199
2669 -0.332 -0.0858422
2670 -0.331 -0.0863647
2671 -0.33 -0.0868874
2672 -0.329 -0.0874101
2673 -0.328 -0.0879331
2674 -0.327 -0.0884561
2675 -0.326 -0.0889793
2676 -0.325 -0.0895027
2677 -0.324 -0.0900262
2678 -0.323 -0.0905498
2679 -0.322 -0.0910736
2680 -0.321 -0.0915975
2681 -0.32 -0.0921216
2682 -0.319 -0.0926458
2683 -0.318 -0.0931702
2684 -0.317 -0.0936947
2685 -0.316 -0.0942193
2686 -0.315 -0.0947441
2687 -0.314 -0.095269
2688 -0.313 -0.0957941
2689 -0.312 -0.0963194
2690 -0.311 -0.0968447
2691 -0.31 -0.0973702
2692 -0.309 -0.0978959
2693 -0.308 -0.0984217
2694 -0.307 -0.0989477
2695 -0.306 -0.0994738
2696 -0.305 -0.1
2697 -0.304 -0.100526
2698 -0.303 -0.101053
2699 -0.302 -0.10158
2700 -0.301 -0.102106
2701 -0.3 -0.102633
2702 -0.299 -0.103161
2703 -0.298 -0.103688
2704 -0.297 -0.104215
2705 -0.296 -0.104743
2706 -0.295 -0.10527
2707 -0.294 -0.105798
2708 -0.293 -0.106326
2709 -0.292 -0.106854
2710 -0.291 -0.107383
2711 -0.29 -0.107911
2712 -0.289 -0.10844
2713 -0.288 -0.108969
2714 -0.287 -0.109497
2715 -0.286 -0.110026
2716 -0.285 -0.110556
2717 -0.284 -0.111085
2718 -0.283 -0.111614
2719 -0.282 -0.112144
2720 -0.281 -0.112674
2721 -0.28 -0.113204
2722 -0.279 -0.113734
2723 -0.278 -0.114264
2724 -0.277 -0.114794
2725 -0.276 -0.115325
2726 -0.275 -0.115856
2727 -0.274 -0.116386
2728 -0.273 -0.116917
2729 -0.272 -0.117449
2730 -0.271 -0.11798
2731 -0.27 -0.118511
2732 -0.269 -0.119043
2733 -0.268 -0.119575
2734 -0.267 -0.120106
2735 -0.266 -0.120638
2736 -0.265 -0.121171
2737 -0.264 -0.121703
2738 -0.263 -0.122235
2739 -0.262 -0.122768
2740 -0.261 -0.123301
2741 -0.26 -0.123834
2742 -0.259 -0.124367
2743 -0.258 -0.1249
2744 -0.257 -0.125433
2745 -0.256 -0.125967
2746 -0.255 -0.126501
2747 -0.254 -0.127034
2748 -0.253 -0.127568
2749 -0.252 -0.128103
2750 -0.251 -0.128637
2751 -0.25 -0.129171
2752 -0.249 -0.129706
2753 -0.248 -0.130241
2754 -0.247 -0.130776
2755 -0.246 -0.131311
2756 -0.245 -0.131846
2757 -0.244 -0.132381
2758 -0.243 -0.132917
2759 -0.242 -0.133452
2760 -0.241 -0.133988
2761 -0.24 -0.134524
2762 -0.239 -0.13506
2763 -0.238 -0.135597
2764 -0.237 -0.136133
2765 -0.236 -0.13667
2766 -0.235 -0.137206
2767 -0.234 -0.137743
2768 -0.233 -0.13828
2769 -0.232 -0.138818
2770 -0.231 -0.139355
2771 -0.23 -0.139892
2772 -0.229 -0.14043
2773 -0.228 -0.140968
2774 -0.227 -0.141506
2775 -0.226 -0.142044
2776 -0.225 -0.142582
2777 -0.224 -0.143121
2778 -0.223 -0.14366
2779 -0.222 -0.144198
2780 -0.221 -0.144737
2781 -0.22 -0.145276
2782 -0.219 -0.145816
2783 -0.218 -0.146355
2784 -0.217 -0.146894
2785 -0.216 -0.147434
2786 -0.215 -0.147974
2787 -0.214 -0.148514
2788 -0.213 -0.149054
2789 -0.212 -0.149595
2790 -0.211 -0.150135
2791 -0.21 -0.150676
2792 -0.209 -0.151217
2793 -0.208 -0.151758
2794 -0.207 -0.152299
2795 -0.206 -0.15284
2796 -0.205 -0.153381
2797 -0.204 -0.153923
2798 -0.203 -0.154465
2799 -0.202 -0.155007
2800 -0.201 -0.155549
2801 -0.2 -0.156091
2802 -0.199 -0.156634
2803 -0.198 -0.157176
2804 -0.197 -0.157719
2805 -0.196 -0.158262
2806 -0.195 -0.158805
2807 -0.194 -0.159348
2808 -0.193 -0.159891
2809 -0.192 -0.160435
2810 -0.191 -0.160979
2811 -0.19 -0.161522
2812 -0.189 -0.162066
2813 -0.188 -0.162611
2814 -0.187 -0.163155
2815 -0.186 -0.163699
2816 -0.185 -0.164244
2817 -0.184 -0.164789
2818 -0.183 -0.165334
2819 -0.182 -0.165879
2820 -0.181 -0.166424
2821 -0.18 -0.16697
2822 -0.179 -0.167515
2823 -0.178 -0.168061
2824 -0.177 -0.168607
2825 -0.176 -0.169153
2826 -0.175 -0.169699
2827 -0.174 -0.170246
2828 -0.173 -0.170793
2829 -0.172 -0.171339
2830 -0.171 -0.171886
2831 -0.17 -0.172433
2832 -0.169 -0.172981
2833 -0.168 -0.173528
2834 -0.167 -0.174076
2835 -0.166 -0.174623
2836 -0.165 -0.175171
2837 -0.164 -0.175719
2838 -0.163 -0.176268
2839 -0.162 -0.176816
2840 -0.161 -0.177365
2841 -0.16 -0.177913
2842 -0.159 -0.178462
2843 -0.158 -0.179011
2844 -0.157 -0.17956
2845 -0.156 -0.18011
2846 -0.155 -0.180659
2847 -0.154 -0.181209
2848 -0.153 -0.181759
2849 -0.152 -0.182309
2850 -0.151 -0.182859
2851 -0.15 -0.18341
2852 -0.149 -0.18396
2853 -0.148 -0.184511
2854 -0.147 -0.185062
2855 -0.146 -0.185613
2856 -0.145 -0.186164
2857 -0.144 -0.186716
2858 -0.143 -0.187267
2859 -0.142 -0.187819
2860 -0.141 -0.188371
2861 -0.14 -0.188923
2862 -0.139 -0.189475
2863 -0.138 -0.190028
2864 -0.137 -0.19058
2865 -0.136 -0.191133
2866 -0.135 -0.191686
2867 -0.134 -0.192239
2868 -0.133 -0.192792
2869 -0.132 -0.193346
2870 -0.131 -0.193899
2871 -0.13 -0.194453
2872 -0.129 -0.195007
2873 -0.128 -0.195561
2874 -0.127 -0.196115
2875 -0.126 -0.19667
2876 -0.125 -0.197224
2877 -0.124 -0.197779
2878 -0.123 -0.198334
2879 -0.122 -0.198889
2880 -0.121 -0.199445
2881 -0.12 -0.2
2882 -0.119 -0.200556
2883 -0.118 -0.201111
2884 -0.117 -0.201667
2885 -0.116 -0.202224
2886 -0.115 -0.20278
2887 -0.114 -0.203336
2888 -0.113 -0.203893
2889 -0.112 -0.20445
2890 -0.111 -0.205007
2891 -0.11 -0.205564
2892 -0.109 -0.206122
2893 -0.108 -0.206679
2894 -0.107 -0.207237
2895 -0.106 -0.207795
2896 -0.105 -0.208353
2897 -0.104 -0.208911
2898 -0.103 -0.209469
2899 -0.102 -0.210028
2900 -0.101 -0.210587
2901 -0.1 -0.211146
2902 -0.099 -0.211705
2903 -0.098 -0.212264
2904 -0.097 -0.212823
2905 -0.096 -0.213383
2906 -0.095 -0.213943
2907 -0.094 -0.214503
2908 -0.093 -0.215063
2909 -0.092 -0.215623
2910 -0.091 -0.216184
2911 -0.09 -0.216745
2912 -0.089 -0.217305
2913 -0.088 -0.217866
2914 -0.087 -0.218428
2915 -0.086 -0.218989
2916 -0.085 -0.219551
2917 -0.084 -0.220112
2918 -0.083 -0.220674
2919 -0.082 -0.221236
2920 -0.081 -0.221799
2921 -0.08 -0.222361
2922 -0.079 -0.222924
2923 -0.078 -0.223487
2924 -0.077 -0.22405
2925 -0.076 -0.224613
2926 -0.075 -0.225176
2927 -0.074 -0.22574
2928 -0.073 -0.226303
2929 -0.072 -0.226867
2930 -0.071 -0.227431
2931 -0.07 -0.227995
2932 -0.069 -0.22856
2933 -0.068 -0.229125
2934 -0.067 -0.229689
2935 -0.066 -0.230254
2936 -0.065 -0.230819
2937 -0.064 -0.231385
2938 -0.063 -0.23195
2939 -0.062 -0.232516
2940 -0.061 -0.233082
2941 -0.06 -0.233648
2942 -0.059 -0.234214
2943 -0.058 -0.23478
2944 -0.057 -0.235347
2945 -0.056 -0.235914
2946 -0.055 -0.236481
2947 -0.054 -0.237048
2948 -0.053 -0.237615
2949 -0.052 -0.238183
2950 -0.051 -0.23875
2951 -0.05 -0.239318
2952 -0.049 -0.239886
2953 -0.048 -0.240455
2954 -0.047 -0.241023
2955 -0.046 -0.241592
2956 -0.045 -0.24216
2957 -0.044 -0.242729
2958 -0.043 -0.243299
2959 -0.042 -0.243868
2960 -0.041 -0.244437
2961 -0.04 -0.245007
2962 -0.039 -0.245577
2963 -0.038 -0.246147
2964 -0.037 -0.246717
2965 -0.036 -0.247288
2966 -0.035 -0.247858
2967 -0.034 -0.248429
2968 -0.033 -0.249
2969 -0.032 -0.249571
2970 -0.031 -0.250143
2971 -0.03 -0.250714
2972 -0.029 -0.251286
2973 -0.028 -0.251858
2974 -0.027 -0.25243
2975 -0.026 -0.253003
2976 -0.025 -0.253575
2977 -0.024 -0.254148
2978 -0.023 -0.254721
2979 -0.022 -0.255294
2980 -0.021 -0.255867
2981 -0.02 -0.25644
2982 -0.019 -0.257014
2983 -0.018 -0.257588
2984 -0.017 -0.258162
2985 -0.016 -0.258736
2986 -0.015 -0.25931
2987 -0.014 -0.259885
2988 -0.013 -0.26046
2989 -0.012 -0.261035
2990 -0.011 -0.26161
2991 -0.01 -0.262185
2992 -0.009 -0.262761
2993 -0.008 -0.263337
2994 -0.007 -0.263912
2995 -0.006 -0.264489
2996 -0.005 -0.265065
2997 -0.004 -0.265641
2998 -0.003 -0.266218
2999 -0.002 -0.266795
3000 -0.001 -0.267372
3001 -2.19387e-013 -0.267949
3002 0.001 -0.268527
3003 0.002 -0.269104
3004 0.003 -0.269682
3005 0.004 -0.27026
3006 0.005 -0.270838
3007 0.006 -0.271417
3008 0.007 -0.271995
3009 0.008 -0.272574
3010 0.009 -0.273153
3011 0.01 -0.273732
3012 0.011 -0.274312
3013 0.012 -0.274891
3014 0.013 -0.275471
3015 0.014 -0.276051
3016 0.015 -0.276631
3017 0.016 -0.277212
3018 0.017 -0.277792
3019 0.018 -0.278373
3020 0.019 -0.278954
3021 0.02 -0.279535
3022 0.021 -0.280116
3023 0.022 -0.280698
3024 0.023 -0.28128
3025 0.024 -0.281861
3026 0.025 -0.282444
3027 0.026 -0.283026
3028 0.027 -0.283608
3029 0.028 -0.284191
3030 0.029 -0.284774
3031 0.03 -0.285357
3032 0.031 -0.28594
3033 0.032 -0.286524
3034 0.033 -0.287108
3035 0.034 -0.287692
3036 0.035 -0.288276
3037 0.036 -0.28886
3038 0.037 -0.289445
3039 0.038 -0.290029
3040 0.039 -0.290614
3041 0.04 -0.291199
3042 0.041 -0.291785
3043 0.042 -0.29237
3044 0.043 -0.292956
3045 0.044 -0.293542
3046 0.045 -0.294128
3047 0.046 -0.294714
3048 0.047 -0.295301
3049 0.048 -0.295887
3050 0.049 -0.296474
3051 0.05 -0.297061
3052 0.051 -0.297649
3053 0.052 -0.298236
3054 0.053 -0.298824
3055 0.054 -0.299412
3056 0.055 -0.3
3057 0.056 -0.300588
3058 0.057 -0.301177
3059 0.058 -0.301766
3060 0.059 -0.302355
3061 0.06 -0.302944
3062 0.061 -0.303533
3063 0.062 -0.304123
3064 0.063 -0.304712
3065 0.064 -0.305302
3066 0.065 -0.305893
3067 0.066 -0.306483
3068 0.067 -0.307074
3069 0.068 -0.307664
3070 0.069 -0.308255
3071 0.07 -0.308847
3072 0.071 -0.309438
3073 0.072 -0.31003
3074 0.073 -0.310621
3075 0.074 -0.311213
3076 0.075 -0.311806
3077 0.076 -0.312398
3078 0.077 -0.312991
3079 0.078 -0.313584
3080 0.079 -0.314177
3081 0.08 -0.31477
3082 0.081 -0.315364
3083 0.082 -0.315957
3084 0.083 -0.316551
3085 0.084 -0.317145
3086 0.085 -0.31774
3087 0.086 -0.318334
3088 0.087 -0.318929
3089 0.088 -0.319524
3090 0.089 -0.320119
3091 0.09 -0.320714
3092 0.091 -0.32131
3093 0.092 -0.321906
3094 0.093 -0.322502
3095 0.094 -0.323098
3096 0.095 -0.323695
3097 0.096 -0.324291
3098 0.097 -0.324888
3099 0.098 -0.325485
3100 0.099 -0.326082
3101 0.1 -0.32668
3102 0.101 -0.327278
3103 0.102 -0.327876
3104 0.103 -0.328474
3105 0.104 -0.329072
3106 0.105 -0.329671
3107 0.106 -0.330269
3108 0.107 -0.330868
3109 0.108 -0.331468
3110 0.109 -0.332067
3111 0.11 -0.332667
3112 0.111 -0.333267
3113 0.112 -0.333867
3114 0.113 -0.334467
3115 0.114 -0.335068
3116 0.115 -0.335668
3117 0.116 -0.336269
3118 0.117 -0.33687
3119 0.118 -0.337472
3120 0.119 -0.338073
3121 0.12 -0.338675
3122 0.121 -0.339277
3123 0.122 -0.33988
3124 0.123 -0.340482
3125 0.124 -0.341085
3126 0.125 -0.341688
3127 0.126 -0.342291
3128 0.127 -0.342894
3129 0.128 -0.343498
3130 0.129 -0.344101
3131 0.13 -0.344705
3132 0.131 -0.34531
3133 0.132 -0.345914
3134 0.133 -0.346519
3135 0.134 -0.347124
3136 0.135 -0.347729
3137 0.136 -0.348334
3138 0.137 -0.34894
3139 0.138 -0.349546
3140 0.139 -0.350152
3141 0.14 -0.350758
3142 0.141 -0.351364
3143 0.142 -0.351971
3144 0.143 -0.352578
3145 0.144 -0.353185
3146 0.145 -0.353792
3147 0.146 -0.3544
3148 0.147 -0.355008
3149 0.148 -0.355616
3150 0.149 -0.356224
3151 0.15 -0.356832
3152 0.151 -0.357441
3153 0.152 -0.35805
3154 0.153 -0.358659
3155 0.154 -0.359268
3156 0.155 -0.359878
3157 0.156 -0.360488
3158 0.157 -0.361098
3159 0.158 -0.361708
3160 0.159 -0.362319
3161 0.16 -0.362929
3162 0.161 -0.36354
3163 0.162 -0.364152
3164 0.163 -0.364763
3165 0.164 -0.365375
3166 0.165 -0.365987
3167 0.166 -0.366599
3168 0.167 -0.367211
3169 0.168 -0.367824
3170 0.169 -0.368436
3171 0.17 -0.369049
3172 0.171 -0.369663
3173 0.172 -0.370276
3174 0.173 -0.37089
3175 0.174 -0.371504
3176 0.175 -0.372118
3177 0.176 -0.372732
3178 0.177 -0.373347
3179 0.178 -0.373962
3180 0.179 -0.374577
3181 0.18 -0.375192
3182 0.181 -0.375808
3183 0.182 -0.376424
3184 0.183 -0.37704
3185 0.184 -0.377656
3186 0.185 -0.378273
3187 0.186 -0.378889
3188 0.187 -0.379506
3189 0.188 -0.380123
3190 0.189 -0.380741
3191 0.19 -0.381359
3192 0.191 -0.381977
3193 0.192 -0.382595
3194 0.193 -0.383213
3195 0.194 -0.383832
3196 0.195 -0.384451
3197 0.196 -0.38507
3198 0.197 -0.385689
3199 0.198 -0.386309
3200 0.199 -0.386928
3201 0.2 -0.387548
3202 0.201 -0.388169
3203 0.202 -0.388789
3204 0.203 -0.38941
3205 0.204 -0.390031
3206 0.205 -0.390652
3207 0.206 -0.391274
3208 0.207 -0.391896
3209 0.208 -0.392517
3210 0.209 -0.39314
3211 0.21 -0.393762
3212 0.211 -0.394385
3213 0.212 -0.395008
3214 0.213 -0.395631
3215 0.214 -0.396254
3216 0.215 -0.396878
3217 0.216 -0.397502
3218 0.217 -0.398126
3219 0.218 -0.39875
3220 0.219 -0.399375
3221 0.22 -0.4
3222 0.221 -0.400625
3223 0.222 -0.40125
3224 0.223 -0.401876
3225 0.224 -0.402502
3226 0.225 -0.403128
3227 0.226 -0.403754
3228 0.227 -0.404381
3229 0.228 -0.405008
3230 0.229 -0.405635
3231 0.23 -0.406262
3232 0.231 -0.40689
3233 0.232 -0.407518
3234 0.233 -0.408146
3235 0.234 -0.408774
3236 0.235 -0.409403
3237 0.236 -0.410031
3238 0.237 -0.410661
3239 0.238 -0.41129
3240 0.239 -0.411919
3241 0.24 -0.412549
3242 0.241 -0.413179
3243 0.242 -0.41381
3244 0.243 -0.41444
3245 0.244 -0.415071
3246 0.245 -0.415702
3247 0.246 -0.416333
3248 0.247 -0.416965
3249 0.248 -0.417597
3250 0.249 -0.418229
3251 0.25 -0.418861
3252 0.251 -0.419494
3253 0.252 -0.420127
3254 0.253 -0.42076
3255 0.254 -0.421393
3256 0.255 -0.422027
3257 0.256 -0.42266
3258 0.257 -0.423295
3259 0.258 -0.423929
3260 0.259 -0.424564
3261 0.26 -0.425198
3262 0.261 -0.425834
3263 0.262 -0.426469
3264 0.263 -0.427105
3265 0.264 -0.42774
3266 0.265 -0.428377
3267 0.266 -0.429013
3268 0.267 -0.42965
3269 0.268 -0.430287
3270 0.269 -0.430924
3271 0.27 -0.431561
3272 0.271 -0.432199
3273 0.272 -0.432837
3274 0.273 -0.433475
3275 0.274 -0.434114
3276 0.275 -0.434752
3277 0.276 -0.435391
3278 0.277 -0.436031
3279 0.278 -0.43667
3280 0.279 -0.43731
3281 0.28 -0.43795
3282 0.281 -0.43859
3283 0.282 -0.439231
3284 0.283 -0.439872
3285 0.284 -0.440513
3286 0.285 -0.441154
3287 0.286 -0.441796
3288 0.287 -0.442438
3289 0.288 -0.44308
3290 0.289 -0.443722
3291 0.29 -0.444365
3292 0.291 -0.445008
3293 0.292 -0.445651
3294 0.293 -0.446295
3295 0.294 -0.446939
3296 0.295 -0.447583
3297 0.296 -0.448227
3298 0.297 -0.448871
3299 0.298 -0.449516
3300 0.299 -0.450161
3301 0.3 -0.450807
3302 0.301 -0.451452
3303 0.302 -0.452098
3304 0.303 -0.452744
3305 0.304 -0.453391
3306 0.305 -0.454038
3307 0.306 -0.454684
3308 0.307 -0.455332
3309 0.308 -0.455979
3310 0.309 -0.456627
3311 0.31 -0.457275
3312 0.311 -0.457923
3313 0.312 -0.458572
3314 0.313 -0.459221
3315 0.314 -0.45987
3316 0.315 -0.46052
3317 0.316 -0.461169
3318 0.317 -0.461819
3319 0.318 -0.46247
3320 0.319 -0.46312
3321 0.32 -0.463771
3322 0.321 -0.464422
3323 0.322 -0.465073
3324 0.323 -0.465725
3325 0.324 -0.466377
3326 0.325 -0.467029
3327 0.326 -0.467681
3328 0.327 -0.468334
3329 0.328 -0.468987
3330 0.329 -0.469641
3331 0.33 -0.470294
3332 0.331 -0.470948
3333 0.332 -0.471602
3334 0.333 -0.472257
3335 0.334 -0.472911
3336 0.335 -0.473566
3337 0.336 -0.474222
3338 0.337 -0.474877
3339 0.338 -0.475533
3340 0.339 -0.476189
3341 0.34 -0.476845
3342 0.341 -0.477502
3343 0.342 -0.478159
3344 0.343 -0.478816
3345 0.344 -0.479474
3346 0.345 -0.480132
3347 0.346 -0.48079
3348 0.347 -0.481448
3349 0.348 -0.482107
3350 0.349 -0.482766
3351 0.35 -0.483425
3352 0.351 -0.484084
3353 0.352 -0.484744
3354 0.353 -0.485404
3355 0.354 -0.486065
3356 0.355 -0.486725
3357 0.356 -0.487386
3358 0.357 -0.488048
3359 0.358 -0.488709
3360 0.359 -0.489371
3361 0.36 -0.490033
3362 0.361 -0.490696
3363 0.362 -0.491358
3364 0.363 -0.492021
3365 0.364 -0.492685
3366 0.365 -0.493348
3367 0.366 -0.494012
3368 0.367 -0.494676
3369 0.368 -0.495341
3370 0.369 -0.496005
3371 0.37 -0.49667
3372 0.371 -0.497336
3373 0.372 -0.498001
3374 0.373 -0.498667
3375 0.374 -0.499333
3376 0.375 -0.5
3377 0.376 -0.500667
3378 0.377 -0.501334
3379 0.378 -0.502001
3380 0.379 -0.502669
3381 0.38 -0.503337
3382 0.381 -0.504005
3383 0.382 -0.504674
3384 0.383 -0.505343
3385 0.384 -0.506012
3386 0.385 -0.506682
3387 0.386 -0.507351
3388 0.387 -0.508021
3389 0.388 -0.508692
3390 0.389 -0.509363
3391 0.39 -0.510034
3392 0.391 -0.510705
3393 0.392 -0.511376
3394 0.393 -0.512048
3395 0.394 -0.512721
3396 0.395 -0.513393
3397 0.396 -0.514066
3398 0.397 -0.514739
3399 0.398 -0.515413
3400 0.399 -0.516086
3401 0.4 -0.51676
3402 0.401 -0.517435
3403 0.402 -0.518109
3404 0.403 -0.518784
3405 0.404 -0.51946
3406 0.405 -0.520135
3407 0.406 -0.520811
3408 0.407 -0.521487
3409 0.408 -0.522164
3410 0.409 -0.522841
3411 0.41 -0.523518
3412 0.411 -0.524195
3413 0.412 -0.524873
3414 0.413 -0.525551
3415 0.414 -0.526229
3416 0.415 -0.526908
3417 0.416 -0.527587
3418 0.417 -0.528266
3419 0.418 -0.528946
3420 0.419 -0.529626
3421 0.42 -0.530306
3422 0.421 -0.530987
3423 0.422 -0.531668
3424 0.423 -0.532349
3425 0.424 -0.53303
3426 0.425 -0.533712
3427 0.426 -0.534394
3428 0.427 -0.535077
3429 0.428 -0.53576
3430 0.429 -0.536443
3431 0.43 -0.537126
3432 0.431 -0.53781
3433 0.432 -0.538494
3434 0.433 -0.539178
3435 0.434 -0.539863
3436 0.435 -0.540548
3437 0.436 -0.541233
3438 0.437 -0.541919
3439 0.438 -0.542605
3440 0.439 -0.543291
3441 0.44 -0.543978
3442 0.441 -0.544665
3443 0.442 -0.545352
3444 0.443 -0.54604
3445 0.444 -0.546728
3446 0.445 -0.547416
3447 0.446 -0.548105
3448 0.447 -0.548794
3449 0.448 -0.549483
3450 0.449 -0.550172
3451 0.45 -0.550862
3452 0.451 -0.551553
3453 0.452 -0.552243
3454 0.453 -0.552934
3455 0.454 -0.553625
3456 0.455 -0.554317
3457 0.456 -0.555009
3458 0.457 -0.555701
3459 0.458 -0.556393
3460 0.459 -0.557086
3461 0.46 -0.557779
3462 0.461 -0.558473
3463 0.462 -0.559167
3464 0.463 -0.559861
3465 0.464 -0.560556
3466 0.465 -0.561251
3467 0.466 -0.561946
3468 0.467 -0.562641
3469 0.468 -0.563337
3470 0.469 -0.564033
3471 0.47 -0.56473
3472 0.471 -0.565427
3473 0.472 -0.566124
3474 0.473 -0.566822
3475 0.474 -0.56752
3476 0.475 -0.568218
3477 0.476 -0.568916
3478 0.477 -0.569615
3479 0.478 -0.570315
3480 0.479 -0.571014
3481 0.48 -0.571714
3482 0.481 -0.572415
3483 0.482 -0.573115
3484 0.483 -0.573816
3485 0.484 -0.574518
3486 0.485 -0.575219
3487 0.486 -0.575921
3488 0.487 -0.576624
3489 0.488 -0.577326
3490 0.489 -0.57803
3491 0.49 -0.578733
3492 0.491 -0.579437
3493 0.492 -0.580141
3494 0.493 -0.580845
3495 0.494 -0.58155
3496 0.495 -0.582255
3497 0.496 -0.582961
3498 0.497 -0.583667
3499 0.498 -0.584373
3500 0.499 -0.58508
3501 0.5 -0.585786
3502 0.501 -0.586494
3503 0.502 -0.587201
3504 0.503 -0.587909
3505 0.504 -0.588618
3506 0.505 -0.589326
3507 0.506 -0.590035
3508 0.507 -0.590745
3509 0.508 -0.591455
3510 0.509 -0.592165
3511 0.51 -0.592875
3512 0.511 -0.593586
3513 0.512 -0.594297
3514 0.513 -0.595009
3515 0.514 -0.595721
3516 0.515 -0.596433
3517 0.516 -0.597146
3518 0.517 -0.597859
3519 0.518 -0.598572
3520 0.519 -0.599286
3521 0.52 -0.6
3522 0.521 -0.600714
3523 0.522 -0.601429
3524 0.523 -0.602144
3525 0.524 -0.60286
3526 0.525 -0.603576
3527 0.526 -0.604292
3528 0.527 -0.605009
3529 0.528 -0.605726
3530 0.529 -0.606443
3531 0.53 -0.607161
3532 0.531 -0.607879
3533 0.532 -0.608598
3534 0.533 -0.609317
3535 0.534 -0.610036
3536 0.535 -0.610756
3537 0.536 -0.611476
3538 0.537 -0.612196
3539 0.538 -0.612917
3540 0.539 -0.613638
3541 0.54 -0.614359
3542 0.541 -0.615081
3543 0.542 -0.615803
3544 0.543 -0.616526
3545 0.544 -0.617249
3546 0.545 -0.617973
3547 0.546 -0.618696
3548 0.547 -0.61942
3549 0.548 -0.620145
3550 0.549 -0.62087
3551 0.55 -0.621595
3552 0.551 -0.622321
3553 0.552 -0.623047
3554 0.553 -0.623773
3555 0.554 -0.6245
3556 0.555 -0.625227
3557 0.556 -0.625955
3558 0.557 -0.626683
3559 0.558 -0.627411
3560 0.559 -0.62814
3561 0.56 -0.628869
3562 0.561 -0.629599
3563 0.562 -0.630329
3564 0.563 -0.631059
3565 0.564 -0.631789
3566 0.565 -0.632521
3567 0.566 -0.633252
3568 0.567 -0.633984
3569 0.568 -0.634716
3570 0.569 -0.635449
3571 0.57 -0.636182
3572 0.571 -0.636915
3573 0.572 -0.637649
3574 0.573 -0.638383
3575 0.574 -0.639118
3576 0.575 -0.639853
3577 0.576 -0.640588
3578 0.577 -0.641324
3579 0.578 -0.64206
3580 0.579 -0.642797
3581 0.58 -0.643534
3582 0.581 -0.644271
3583 0.582 -0.645009
3584 0.583 -0.645747
3585 0.584 -0.646486
3586 0.585 -0.647225
3587 0.586 -0.647964
3588 0.587 -0.648704
3589 0.588 -0.649445
3590 0.589 -0.650185
3591 0.59 -0.650926
3592 0.591 -0.651668
3593 0.592 -0.65241
3594 0.593 -0.653152
3595 0.594 -0.653895
3596 0.595 -0.654638
3597 0.596 -0.655381
3598 0.597 -0.656125
3599 0.598 -0.656869
3600 0.599 -0.657614
3601 0.6 -0.658359
3602 0.601 -0.659105
3603 0.602 -0.659851
3604 0.603 -0.660597
3605 0.604 -0.661344
3606 0.605 -0.662091
3607 0.606 -0.662839
3608 0.607 -0.663587
3609 0.608 -0.664335
3610 0.609 -0.665084
3611 0.61 -0.665834
3612 0.611 -0.666583
3613 0.612 -0.667334
3614 0.613 -0.668084
3615 0.614 -0.668835
3616 0.615 -0.669587
3617 0.616 -0.670338
3618 0.617 -0.671091
3619 0.618 -0.671843
3620 0.619 -0.672597
3621 0.62 -0.67335
3622 0.621 -0.674104
3623 0.622 -0.674858
3624 0.623 -0.675613
3625 0.624 -0.676369
3626 0.625 -0.677124
3627 0.626 -0.67788
3628 0.627 -0.678637
3629 0.628 -0.679394
3630 0.629 -0.680152
3631 0.63 -0.680909
3632 0.631 -0.681668
3633 0.632 -0.682426
3634 0.633 -0.683186
3635 0.634 -0.683945
3636 0.635 -0.684705
3637 0.636 -0.685466
3638 0.637 -0.686227
3639 0.638 -0.686988
3640 0.639 -0.68775
3641 0.64 -0.688512
3642 0.641 -0.689275
3643 0.642 -0.690038
3644 0.643 -0.690802
3645 0.644 -0.691566
3646 0.645 -0.69233
3647 0.646 -0.693095
3648 0.647 -0.693861
3649 0.648 -0.694626
3650 0.649 -0.695393
3651 0.65 -0.69616
3652 0.651 -0.696927
3653 0.652 -0.697694
3654 0.653 -0.698462
3655 0.654 -0.699231
3656 0.655 -0.7
3657 0.656 -0.700769
3658 0.657 -0.701539
3659 0.658 -0.70231
3660 0.659 -0.703081
3661 0.66 -0.703852
3662 0.661 -0.704624
3663 0.662 -0.705396
3664 0.663 -0.706168
3665 0.664 -0.706942
3666 0.665 -0.707715
3667 0.666 -0.708489
3668 0.667 -0.709264
3669 0.668 -0.710039
3670 0.669 -0.710814
3671 0.67 -0.71159
3672 0.671 -0.712367
3673 0.672 -0.713143
3674 0.673 -0.713921
3675 0.674 -0.714698
3676 0.675 -0.715477
3677 0.676 -0.716255
3678 0.677 -0.717035
3679 0.678 -0.717814
3680 0.679 -0.718595
3681 0.68 -0.719375
3682 0.681 -0.720156
3683 0.682 -0.720938
3684 0.683 -0.72172
3685 0.684 -0.722502
3686 0.685 -0.723285
3687 0.686 -0.724069
3688 0.687 -0.724853
3689 0.688 -0.725637
3690 0.689 -0.726422
3691 0.69 -0.727208
3692 0.691 -0.727994
3693 0.692 -0.72878
3694 0.693 -0.729567
3695 0.694 -0.730354
3696 0.695 -0.731142
3697 0.696 -0.731931
3698 0.697 -0.732719
3699 0.698 -0.733509
3700 0.699 -0.734299
3701 0.7 -0.735089
3702 0.701 -0.73588
3703 0.702 -0.736671
3704 0.703 -0.737463
3705 0.704 -0.738255
3706 0.705 -0.739048
3707 0.706 -0.739841
3708 0.707 -0.740635
3709 0.708 -0.741429
3710 0.709 -0.742224
3711 0.71 -0.743019
3712 0.711 -0.743815
3713 0.712 -0.744612
3714 0.713 -0.745408
3715 0.714 -0.746206
3716 0.715 -0.747004
3717 0.716 -0.747802
3718 0.717 -0.748601
3719 0.718 -0.7494
3720 0.719 -0.7502
3721 0.72 -0.751
3722 0.721 -0.751801
3723 0.722 -0.752603
3724 0.723 -0.753405
3725 0.724 -0.754207
3726 0.725 -0.75501
3727 0.726 -0.755814
3728 0.727 -0.756618
3729 0.728 -0.757422
3730 0.729 -0.758227
3731 0.73 -0.759033
3732 0.731 -0.759839
3733 0.732 -0.760645
3734 0.733 -0.761452
3735 0.734 -0.76226
3736 0.735 -0.763068
3737 0.736 -0.763877
3738 0.737 -0.764686
3739 0.738 -0.765496
3740 0.739 -0.766306
3741 0.74 -0.767117
3742 0.741 -0.767929
3743 0.742 -0.76874
3744 0.743 -0.769553
3745 0.744 -0.770366
3746 0.745 -0.771179
3747 0.746 -0.771993
3748 0.747 -0.772808
3749 0.748 -0.773623
3750 0.749 -0.774439
3751 0.75 -0.775255
3752 0.751 -0.776072
3753 0.752 -0.776889
3754 0.753 -0.777707
3755 0.754 -0.778525
3756 0.755 -0.779344
3757 0.756 -0.780164
3758 0.757 -0.780984
3759 0.758 -0.781805
3760 0.759 -0.782626
3761 0.76 -0.783447
3762 0.761 -0.78427
3763 0.762 -0.785093
3764 0.763 -0.785916
3765 0.764 -0.78674
3766 0.765 -0.787564
3767 0.766 -0.78839
3768 0.767 -0.789215
3769 0.768 -0.790041
3770 0.769 -0.790868
3771 0.77 -0.791695
3772 0.771 -0.792523
3773 0.772 -0.793352
3774 0.773 -0.794181
3775 0.774 -0.79501
3776 0.775 -0.795841
3777 0.776 -0.796671
3778 0.777 -0.797503
3779 0.778 -0.798334
3780 0.779 -0.799167
3781 0.78 -0.8
3782 0.781 -0.800834
3783 0.782 -0.801668
3784 0.783 -0.802503
3785 0.784 -0.803338
3786 0.785 -0.804174
3787 0.786 -0.80501
3788 0.787 -0.805848
3789 0.788 -0.806685
3790 0.789 -0.807524
3791 0.79 -0.808362
3792 0.791 -0.809202
3793 0.792 -0.810042
3794 0.793 -0.810883
3795 0.794 -0.811724
3796 0.795 -0.812566
3797 0.796 -0.813408
3798 0.797 -0.814251
3799 0.798 -0.815095
3800 0.799 -0.815939
3801 0.8 -0.816784
3802 0.801 -0.817629
3803 0.802 -0.818476
3804 0.803 -0.819322
3805 0.804 -0.82017
3806 0.805 -0.821017
3807 0.806 -0.821866
3808 0.807 -0.822715
3809 0.808 -0.823565
3810 0.809 -0.824415
3811 0.81 -0.825266
3812 0.811 -0.826118
3813 0.812 -0.82697
3814 0.813 -0.827823
3815 0.814 -0.828676
3816 0.815 -0.82953
3817 0.816 -0.830385
3818 0.817 -0.83124
3819 0.818 -0.832096
3820 0.819 -0.832952
3821 0.82 -0.83381
3822 0.821 -0.834667
3823 0.822 -0.835526
3824 0.823 -0.836385
3825 0.824 -0.837245
3826 0.825 -0.838105
3827 0.826 -0.838966
3828 0.827 -0.839828
3829 0.828 -0.84069
3830 0.829 -0.841553
3831 0.83 -0.842416
3832 0.831 -0.843281
3833 0.832 -0.844145
3834 0.833 -0.845011
3835 0.834 -0.845877
3836 0.835 -0.846744
3837 0.836 -0.847611
3838 0.837 -0.848479
3839 0.838 -0.849348
3840 0.839 -0.850217
3841 0.84 -0.851087
3842 0.841 -0.851958
3843 0.842 -0.85283
3844 0.843 -0.853702
3845 0.844 -0.854574
3846 0.845 -0.855448
3847 0.846 -0.856322
3848 0.847 -0.857196
3849 0.848 -0.858072
3850 0.849 -0.858948
3851 0.85 -0.859825
3852 0.851 -0.860702
3853 0.852 -0.86158
3854 0.853 -0.862459
3855 0.854 -0.863338
3856 0.855 -0.864218
3857 0.856 -0.865099
3858 0.857 -0.865981
3859 0.858 -0.866863
3860 0.859 -0.867746
3861 0.86 -0.868629
3862 0.861 -0.869513
3863 0.862 -0.870398
3864 0.863 -0.871284
3865 0.864 -0.87217
3866 0.865 -0.873057
3867 0.866 -0.873945
3868 0.867 -0.874833
3869 0.868 -0.875722
3870 0.869 -0.876612
3871 0.87 -0.877503
3872 0.871 -0.878394
3873 0.872 -0.879286
3874 0.873 -0.880179
3875 0.874 -0.881072
3876 0.875 -0.881966
3877 0.876 -0.882861
3878 0.877 -0.883756
3879 0.878 -0.884653
3880 0.879 -0.885549
3881 0.88 -0.886447
3882 0.881 -0.887346
3883 0.882 -0.888245
3884 0.883 -0.889144
3885 0.884 -0.890045
3886 0.885 -0.890946
3887 0.886 -0.891848
3888 0.887 -0.892751
3889 0.888 -0.893655
3890 0.889 -0.894559
3891 0.89 -0.895464
3892 0.891 -0.89637
3893 0.892 -0.897276
3894 0.893 -0.898183
3895 0.894 -0.899091
3896 0.895 -0.9
3897 0.896 -0.900909
3898 0.897 -0.90182
3899 0.898 -0.902731
3900 0.899 -0.903642
3901 0.9 -0.904555
3902 0.901 -0.905468
3903 0.902 -0.906382
3904 0.903 -0.907297
3905 0.904 -0.908212
3906 0.905 -0.909129
3907 0.906 -0.910046
3908 0.907 -0.910964
3909 0.908 -0.911882
3910 0.909 -0.912802
3911 0.91 -0.913722
3912 0.911 -0.914643
3913 0.912 -0.915565
3914 0.913 -0.916487
3915 0.914 -0.917411
3916 0.915 -0.918335
3917 0.916 -0.91926
3918 0.917 -0.920185
3919 0.918 -0.921112
3920 0.919 -0.922039
3921 0.92 -0.922967
3922 0.921 -0.923896
3923 0.922 -0.924826
3924 0.923 -0.925756
3925 0.924 -0.926687
3926 0.925 -0.927619
3927 0.926 -0.928552
3928 0.927 -0.929486
3929 0.928 -0.930421
3930 0.929 -0.931356
3931 0.93 -0.932292
3932 0.931 -0.933229
3933 0.932 -0.934167
3934 0.933 -0.935106
3935 0.934 -0.936045
3936 0.935 -0.936985
3937 0.936 -0.937927
3938 0.937 -0.938869
3939 0.938 -0.939811
3940 0.939 -0.940755
3941 0.94 -0.941699
3942 0.941 -0.942645
3943 0.942 -0.943591
3944 0.943 -0.944538
3945 0.944 -0.945486
3946 0.945 -0.946435
3947 0.946 -0.947384
3948 0.947 -0.948335
3949 0.948 -0.949286
3950 0.949 -0.950238
3951 0.95 -0.951191
3952 0.951 -0.952145
3953 0.952 -0.9531
3954 0.953 -0.954055
3955 0.954 -0.955012
3956 0.955 -0.955969
3957 0.956 -0.956928
3958 0.957 -0.957887
3959 0.958 -0.958847
3960 0.959 -0.959808
3961 0.96 -0.96077
3962 0.961 -0.961732
3963 0.962 -0.962696
3964 0.963 -0.96366
3965 0.964 -0.964626
3966 0.965 -0.965592
3967 0.966 -0.966559
3968 0.967 -0.967527
3969 0.968 -0.968496
3970 0.969 -0.969466
3971 0.97 -0.970437
3972 0.971 -0.971409
3973 0.972 -0.972381
3974 0.973 -0.973355
3975 0.974 -0.974329
3976 0.975 -0.975305
3977 0.976 -0.976281
3978 0.977 -0.977259
3979 0.978 -0.978237
3980 0.979 -0.979216
3981 0.98 -0.980196
3982 0.981 -0.981177
3983 0.982 -0.982159
3984 0.983 -0.983142
3985 0.984 -0.984126
3986 0.985 -0.985111
3987 0.986 -0.986097
3988 0.987 -0.987083
3989 0.988 -0.988071
3990 0.989 -0.98906
3991 0.99 -0.99005
3992 0.991 -0.99104
3993 0.992 -0.992032
3994 0.993 -0.993024
3995 0.994 -0.994018
3996 0.995 -0.995012
3997 0.996 -0.996008
3998 0.997 -0.997004
3999 0.998 -0.998002
4000 0.999 -0.999
4001 1 -1
4002 1.001 -1.001
4003 1.002 -1.002
4004 1.003 -1.003
4005 1.004 -1.00401
4006 1.005 -1.00501
4007 1.006 -1.00602
4008 1.007 -1.00702
4009 1.008 -1.00803
4010 1.009 -1.00904
4011 1.01 -1.01005
4012 1.011 -1.01106
4013 1.012 -1.01207
4014 1.013 -1.01309
4015 1.014 -1.0141
4016 1.015 -1.01511
4017 1.016 -1.01613
4018 1.017 -1.01715
4019 1.018 -1.01816
4020 1.019 -1.01918
4021 1.02 -1.0202
4022 1.021 -1.02123
4023 1.022 -1.02225
4024 1.023 -1.02327
4025 1.024 -1.0243
4026 1.025 -1.02532
4027 1.026 -1.02635
4028 1.027 -1.02737
4029 1.028 -1.0284
4030 1.029 -1.02943
4031 1.03 -1.03046
4032 1.031 -1.0315
4033 1.032 -1.03253
4034 1.033 -1.03356
4035 1.034 -1.0346
4036 1.035 -1.03563
4037 1.036 -1.03667
4038 1.037 -1.03771
4039 1.038 -1.03875
4040 1.039 -1.03979
4041 1.04 -1.04083
4042 1.041 -1.04188
4043 1.042 -1.04292
4044 1.043 -1.04397
4045 1.044 -1.04501
4046 1.045 -1.04606
4047 1.046 -1.04711
4048 1.047 -1.04816
4049 1.048 -1.04921
4050 1.049 -1.05026
4051 1.05 -1.05132
4052 1.051 -1.05237
4053 1.052 -1.05343
4054 1.053 -1.05448
4055 1.054 -1.05554
4056 1.055 -1.0566
4057 1.056 -1.05766
4058 1.057 -1.05872
4059 1.058 -1.05979
4060 1.059 -1.06085
4061 1.06 -1.06192
4062 1.061 -1.06298
4063 1.062 -1.06405
4064 1.063 -1.06512
4065 1.064 -1.06619
4066 1.065 -1.06726
4067 1.066 -1.06833
4068 1.067 -1.06941
4069 1.068 -1.07048
4070 1.069 -1.07156
4071 1.07 -1.07264
4072 1.071 -1.07372
4073 1.072 -1.0748
4074 1.073 -1.07588
4075 1.074 -1.07696
4076 1.075 -1.07805
4077 1.076 -1.07913
4078 1.077 -1.08022
4079 1.078 -1.08131
4080 1.079 -1.08239
4081 1.08 -1.08348
4082 1.081 -1.08458
4083 1.082 -1.08567
4084 1.083 -1.08676
4085 1.084 -1.08786
4086 1.085 -1.08896
4087 1.086 -1.09005
4088 1.087 -1.09115
4089 1.088 -1.09226
4090 1.089 -1.09336
4091 1.09 -1.09446
4092 1.091 -1.09557
4093 1.092 -1.09667
4094 1.093 -1.09778
4095 1.094 -1.09889
4096 1.095 -1.1
4097 1.096 -1.10111
4098 1.097 -1.10222
4099 1.098 -1.10334
4100 1.099 -1.10446
4101 1.1 -1.10557
4102 1.101 -1.10669
4103 1.102 -1.10781
4104 1.103 -1.10893
4105 1.104 -1.11006
4106 1.105 -1.11118
4107 1.106 -1.11231
4108 1.107 -1.11343
4109 1.108 -1.11456
4110 1.109 -1.11569
4111 1.11 -1.11682
4112 1.111 -1.11796
4113 1.112 -1.11909
4114 1.113 -1.12023
4115 1.114 -1.12136
4116 1.115 -1.1225
4117 1.116 -1.12364
4118 1.117 -1.12479
4119 1.118 -1.12593
4120 1.119 -1.12707
4121 1.12 -1.12822
4122 1.121 -1.12937
4123 1.122 -1.13052
4124 1.123 -1.13167
4125 1.124 -1.13282
4126 1.125 -1.13397
4127 1.126 -1.13513
4128 1.127 -1.13629
4129 1.128 -1.13745
4130 1.129 -1.13861
4131 1.13 -1.13977
4132 1.131 -1.14093
4133 1.132 -1.1421
4134 1.133 -1.14326
4135 1.134 -1.14443
4136 1.135 -1.1456
4137 1.136 -1.14677
4138 1.137 -1.14794
4139 1.138 -1.14912
4140 1.139 -1.15029
4141 1.14 -1.15147
4142 1.141 -1.15265
4143 1.142 -1.15383
4144 1.143 -1.15501
4145 1.144 -1.1562
4146 1.145 -1.15739
4147 1.146 -1.15857
4148 1.147 -1.15976
4149 1.148 -1.16095
4150 1.149 -1.16215
4151 1.15 -1.16334
4152 1.151 -1.16454
4153 1.152 -1.16573
4154 1.153 -1.16693
4155 1.154 -1.16813
4156 1.155 -1.16934
4157 1.156 -1.17054
4158 1.157 -1.17175
4159 1.158 -1.17296
4160 1.159 -1.17417
4161 1.16 -1.17538
4162 1.161 -1.17659
4163 1.162 -1.17781
4164 1.163 -1.17902
4165 1.164 -1.18024
4166 1.165 -1.18146
4167 1.166 -1.18269
4168 1.167 -1.18391
4169 1.168 -1.18514
4170 1.169 -1.18637
4171 1.17 -1.1876
4172 1.171 -1.18883
4173 1.172 -1.19006
4174 1.173 -1.1913
4175 1.174 -1.19253
4176 1.175 -1.19377
4177 1.176 -1.19502
4178 1.177 -1.19626
4179 1.178 -1.1975
4180 1.179 -1.19875
4181 1.18 -1.2
4182 1.181 -1.20125
4183 1.182 -1.2025
4184 1.183 -1.20376
4185 1.184 -1.20502
4186 1.185 -1.20627
4187 1.186 -1.20754
4188 1.187 -1.2088
4189 1.188 -1.21006
4190 1.189 -1.21133
4191 1.19 -1.2126
4192 1.191 -1.21387
4193 1.192 -1.21514
4194 1.193 -1.21642
4195 1.194 -1.2177
4196 1.195 -1.21898
4197 1.196 -1.22026
4198 1.197 -1.22154
4199 1.198 -1.22283
4200 1.199 -1.22411
4201 1.2 -1.2254
4202 1.201 -1.2267
4203 1.202 -1.22799
4204 1.203 -1.22929
4205 1.204 -1.23058
4206 1.205 -1.23189
4207 1.206 -1.23319
4208 1.207 -1.23449
4209 1.208 -1.2358
4210 1.209 -1.23711
4211 1.21 -1.23842
4212 1.211 -1.23974
4213 1.212 -1.24105
4214 1.213 -1.24237
4215 1.214 -1.24369
4216 1.215 -1.24502
4217 1.216 -1.24634
4218 1.217 -1.24767
4219 1.218 -1.249
4220 1.219 -1.25033
4221 1.22 -1.25167
4222 1.221 -1.25301
4223 1.222 -1.25435
4224 1.223 -1.25569
4225 1.224 -1.25703
4226 1.225 -1.25838
4227 1.226 -1.25973
4228 1.227 -1.26108
4229 1.228 -1.26244
4230 1.229 -1.26379
4231 1.23 -1.26515
4232 1.231 -1.26652
4233 1.232 -1.26788
4234 1.233 -1.26925
4235 1.234 -1.27062
4236 1.235 -1.27199
4237 1.236 -1.27336
4238 1.237 -1.27474
4239 1.238 -1.27612
4240 1.239 -1.2775
4241 1.24 -1.27889
4242 1.241 -1.28028
4243 1.242 -1.28167
4244 1.243 -1.28306
4245 1.244 -1.28446
4246 1.245 -1.28586
4247 1.246 -1.28726
4248 1.247 -1.28866
4249 1.248 -1.29007
4250 1.249 -1.29148
4251 1.25 -1.29289
4252 1.251 -1.29431
4253 1.252 -1.29573
4254 1.253 -1.29715
4255 1.254 -1.29857
4256 1.255 -1.3
4257 1.256 -1.30143
4258 1.257 -1.30286
4259 1.258 -1.3043
4260 1.259 -1.30574
4261 1.26 -1.30718
4262 1.261 -1.30862
4263 1.262 -1.31007
4264 1.263 -1.31152
4265 1.264 -1.31298
4266 1.265 -1.31443
4267 1.266 -1.31589
4268 1.267 -1.31736
4269 1.268 -1.31882
4270 1.269 -1.32029
4271 1.27 -1.32177
4272 1.271 -1.32324
4273 1.272 -1.32472
4274 1.273 -1.3262
4275 1.274 -1.32769
4276 1.275 -1.32918
4277 1.276 -1.33067
4278 1.277 -1.33217
4279 1.278 -1.33367
4280 1.279 -1.33517
4281 1.28 -1.33668
4282 1.281 -1.33818
4283 1.282 -1.3397
4284 1.283 -1.34121
4285 1.284 -1.34273
4286 1.285 -1.34426
4287 1.286 -1.34578
4288 1.287 -1.34731
4289 1.288 -1.34885
4290 1.289 -1.35038
4291 1.29 -1.35193
4292 1.291 -1.35347
4293 1.292 -1.35502
4294 1.293 -1.35657
4295 1.294 -1.35813
4296 1.295 -1.35969
4297 1.296 -1.36125
4298 1.297 -1.36282
4299 1.298 -1.36439
4300 1.299 -1.36597
4301 1.3 -1.36754
4302 1.301 -1.36913
4303 1.302 -1.37071
4304 1.303 -1.37231
4305 1.304 -1.3739
4306 1.305 -1.3755
4307 1.306 -1.3771
4308 1.307 -1.37871
4309 1.308 -1.38032
4310 1.309 -1.38194
4311 1.31 -1.38356
4312 1.311 -1.38518
4313 1.312 -1.38681
4314 1.313 -1.38844
4315 1.314 -1.39008
4316 1.315 -1.39172
4317 1.316 -1.39337
4318 1.317 -1.39502
4319 1.318 -1.39668
4320 1.319 -1.39834
4321 1.32 -1.4
4322 1.321 -1.40167
4323 1.322 -1.40334
4324 1.323 -1.40502
4325 1.324 -1.4067
4326 1.325 -1.40839
4327 1.326 -1.41008
4328 1.327 -1.41178
4329 1.328 -1.41348
4330 1.329 -1.41519
4331 1.33 -1.4169
4332 1.331 -1.41862
4333 1.332 -1.42034
4334 1.333 -1.42207
4335 1.334 -1.42381
4336 1.335 -1.42554
4337 1.336 -1.42729
4338 1.337 -1.42904
4339 1.338 -1.43079
4340 1.339 -1.43255
4341 1.34 -1.43431
4342 1.341 -1.43609
4343 1.342 -1.43786
4344 1.343 -1.43964
4345 1.344 -1.44143
4346 1.345 -1.44322
4347 1.346 -1.44502
4348 1.347 -1.44683
4349 1.348 -1.44864
4350 1.349 -1.45045
4351 1.35 -1.45228
4352 1.351 -1.45411
4353 1.352 -1.45594
4354 1.353 -1.45778
4355 1.354 -1.45963
4356 1.355 -1.46148
4357 1.356 -1.46334
4358 1.357 -1.46521
4359 1.358 -1.46708
4360 1.359 -1.46896
4361 1.36 -1.47085
4362 1.361 -1.47274
4363 1.362 -1.47464
4364 1.363 -1.47655
4365 1.364 -1.47846
4366 1.365 -1.48038
4367 1.366 -1.48231
4368 1.367 -1.48425
4369 1.368 -1.48619
4370 1.369 -1.48814
4371 1.37 -1.4901
4372 1.371 -1.49206
4373 1.372 -1.49404
4374 1.373 -1.49602
4375 1.374 -1.498
4376 1.375 -1.5
4377 1.376 -1.502
4378 1.377 -1.50402
4379 1.378 -1.50604
4380 1.379 -1.50807
4381 1.38 -1.5101
4382 1.381 -1.51215
4383 1.382 -1.5142
4384 1.383 -1.51626
4385 1.384 -1.51834
4386 1.385 -1.52042
4387 1.386 -1.52251
4388 1.387 -1.52461
4389 1.388 -1.52671
4390 1.389 -1.52883
4391 1.39 -1.53096
4392 1.391 -1.5331
4393 1.392 -1.53524
4394 1.393 -1.5374
4395 1.394 -1.53957
4396 1.395 -1.54174
4397 1.396 -1.54393
4398 1.397 -1.54613
4399 1.398 -1.54834
4400 1.399 -1.55056
4401 1.4 -1.55279
4402 1.401 -1.55503
4403 1.402 -1.55728
4404 1.403 -1.55955
4405 1.404 -1.56182
4406 1.405 -1.56411
4407 1.406 -1.56641
4408 1.407 -1.56872
4409 1.408 -1.57105
4410 1.409 -1.57339
4411 1.41 -1.57574
4412 1.411 -1.5781
4413 1.412 -1.58048
4414 1.413 -1.58287
4415 1.414 -1.58527
4416 1.415 -1.58769
4417 1.416 -1.59012
4418 1.417 -1.59257
4419 1.418 -1.59503
4420 1.419 -1.59751
4421 1.42 -1.6
4422 1.421 -1.60251
4423 1.422 -1.60503
4424 1.423 -1.60757
4425 1.424 -1.61013
4426 1.425 -1.6127
4427 1.426 -1.61529
4428 1.427 -1.6179
4429 1.428 -1.62053
4430 1.429 -1.62317
4431 1.43 -1.62583
4432 1.431 -1.62852
4433 1.432 -1.63122
4434 1.433 -1.63394
4435 1.434 -1.63668
4436 1.435 -1.63944
4437 1.436 -1.64223
4438 1.437 -1.64504
4439 1.438 -1.64786
4440 1.439 -1.65072
4441 1.44 -1.65359
4442 1.441 -1.65649
4443 1.442 -1.65941
4444 1.443 -1.66236
4445 1.444 -1.66534
4446 1.445 -1.66834
4447 1.446 -1.67137
4448 1.447 -1.67442
4449 1.448 -1.67751
4450 1.449 -1.68063
4451 1.45 -1.68377
4452 1.451 -1.68695
4453 1.452 -1.69016
4454 1.453 -1.69341
4455 1.454 -1.69668
4456 1.455 -1.7
4457 1.456 -1.70335
4458 1.457 -1.70674
4459 1.458 -1.71017
4460 1.459 -1.71364
4461 1.46 -1.71716
4462 1.461 -1.72072
4463 1.462 -1.72432
4464 1.463 -1.72797
4465 1.464 -1.73167
4466 1.465 -1.73542
4467 1.466 -1.73923
4468 1.467 -1.7431
4469 1.468 -1.74702
4470 1.469 -1.751
4471 1.47 -1.75505
4472 1.471 -1.75917
4473 1.472 -1.76336
4474 1.473 -1.76762
4475 1.474 -1.77196
4476 1.475 -1.77639
4477 1.476 -1.78091
4478 1.477 -1.78552
4479 1.478 -1.79024
4480 1.479 -1.79506
4481 1.48 -1.8
4482 1.481 -1.80506
4483 1.482 -1.81026
4484 1.483 -1.81561
4485 1.484 -1.82111
4486 1.485 -1.82679
4487 1.486 -1.83267
4488 1.487 -1.83875
4489 1.488 -1.84508
4490 1.489 -1.85168
4491 1.49 -1.85858
4492 1.491 -1.86584
4493 1.492 -1.87351
4494 1.493 -1.88168
4495 1.494 -1.89046
4496 1.495 -1.9
4497 1.496 -1.91056
4498 1.497 -1.92254
4499 1.498 -1.93675
4500 1.499 -1.95528
