1 -3 -3
2 -2.999 -2.998
3 -2.998 -2.996
4 -2.997 -2.994
5 -2.996 -2.992
6 -2.995 -2.99001
7 -2.994 -2.98801
8 -2.993 -2.98601
9 -2.992 -2.98402
10 -2.991 -2.98202
11 -2.99 -2.98003
12 -2.989 -2.97803
13 -2.988 -2.97604
14 -2.987 -2.97405
15 -2.986 -2.97205
16 -2.985 -2.97006
17 -2.984 -2.96807
18 -2.983 -2.96608
19 -2.982 -2.96409
20 -2.981 -2.9621
21 -2.98 -2.96011
22 -2.979 -2.95812
23 -2.978 -2.95613
24 -2.977 -2.95415
25 -2.976 -2.95216
26 -2.975 -2.95017
27 -2.974 -2.94819
28 -2.973 -2.9462
29 -2.972 -2.94422
30 -2.971 -2.94223
31 -2.97 -2.94025
32 -2.969 -2.93827
33 -2.968 -2.93628
34 -2.967 -2.9343
35 -2.966 -2.93232
36 -2.965 -2.93034
37 -2.964 -2.92836
38 -2.963 -2.92638
39 -2.962 -2.9244
40 -2.961 -2.92242
41 -2.96 -2.92045
42 -2.959 -2.91847
43 -2.958 -2.91649
44 -2.957 -2.91451
45 -2.956 -2.91254
46 -2.955 -2.91056
47 -2.954 -2.90859
48 -2.953 -2.90661
49 -2.952 -2.90464
50 -2.951 -2.90267
51 -2.95 -2.9007
52 -2.949 -2.89872
53 -2.948 -2.89675
54 -2.947 -2.89478
55 -2.946 -2.89281
56 -2.945 -2.89084
57 -2.944 -2.88887
58 -2.943 -2.8869
59 -2.942 -2.88494
60 -2.941 -2.88297
61 -2.94 -2.881
62 -2.939 -2.87904
63 -2.938 -2.87707
64 -2.937 -2.87511
65 -2.936 -2.87314
66 -2.935 -2.87118
67 -2.934 -2.86921
68 -2.933 -2.86725
69 -2.932 -2.86529
70 -2.931 -2.86333
71 -2.93 -2.86137
72 -2.929 -2.8594
73 -2.928 -2.85744
74 -2.927 -2.85549
75 -2.926 -2.85353
76 -2.925 -2.85157
77 -2.924 -2.84961
78 -2.923 -2.84765
79 -2.922 -2.8457
80 -2.921 -2.84374
81 -2.92 -2.84178
82 -2.919 -2.83983
83 -2.918 -2.83787
84 -2.917 -2.83592
85 -2.916 -2.83397
86 -2.915 -2.83201
87 -2.914 -2.83006
88 -2.913 -2.82811
89 -2.912 -2.82616
90 -2.911 -2.82421
91 -2.91 -2.82226
92 -2.909 -2.82031
93 -2.908 -2.81836
94 -2.907 -2.81641
95 -2.906 -2.81446
96 -2.905 -2.81252
97 -2.904 -2.81057
98 -2.903 -2.80862
99 -2.902 -2.80668
100 -2.901 -2.80473
101 -2.9 -2.80279
102 -2.899 -2.80085
103 -2.898 -2.7989
104 -2.897 -2.79696
105 -2.896 -2.79502
106 -2.895 -2.79308
107 -2.894 -2.79114
108 -2.893 -2.7892
109 -2.892 -2.78726
110 -2.891 -2.78532
111 -2.89 -2.78338
112 -2.889 -2.78144
113 -2.888 -2.7795
114 -2.887 -2.77756
115 -2.886 -2.77563
116 -2.885 -2.77369
117 -2.884 -2.77176
118 -2.883 -2.76982
119 -2.882 -2.76789
120 -2.881 -2.76595
121 -2.88 -2.76402
122 -2.879 -2.76209
123 -2.878 -2.76016
124 -2.877 -2.75823
125 -2.876 -2.75629
126 -2.875 -2.75436
127 -2.874 -2.75244
128 -2.873 -2.75051
129 -2.872 -2.74858
130 -2.871 -2.74665
131 -2.87 -2.74472
132 -2.869 -2.7428
133 -2.868 -2.74087
134 -2.867 -2.73894
135 -2.866 -2.73702
136 -2.865 -2.73509
137 -2.864 -2.73317
138 -2.863 -2.73125
139 -2.862 -2.72932
140 -2.861 -2.7274
141 -2.86 -2.72548
142 -2.859 -2.72356
143 -2.858 -2.72164
144 -2.857 -2.71972
145 -2.856 -2.7178
146 -2.855 -2.71588
147 -2.854 -2.71396
148 -2.853 -2.71204
149 -2.852 -2.71013
150 -2.851 -2.70821
151 -2.85 -2.70629
152 -2.849 -2.70438
153 -2.848 -2.70246
154 -2.847 -2.70055
155 -2.846 -2.69863
156 -2.845 -2.69672
157 -2.844 -2.69481
158 -2.843 -2.6929
159 -2.842 -2.69098
160 -2.841 -2.68907
161 -2.84 -2.68716
162 -2.839 -2.68525
163 -2.838 -2.68334
164 -2.837 -2.68143
165 -2.836 -2.67953
166 -2.835 -2.67762
167 -2.834 -2.67571
168 -2.833 -2.67381
169 -2.832 -2.6719
170 -2.831 -2.66999
171 -2.83 -2.66809
172 -2.829 -2.66619
173 -2.828 -2.66428
174 -2.827 -2.66238
175 -2.826 -2.66048
176 -2.825 -2.65857
177 -2.824 -2.65667
178 -2.823 -2.65477
179 -2.822 -2.65287
180 -2.821 -2.65097
181 -2.82 -2.64907
182 -2.819 -2.64717
183 -2.818 -2.64528
184 -2.817 -2.64338
185 -2.816 -2.64148
186 -2.815 -2.63959
187 -2.814 -2.63769
188 -2.813 -2.6358
189 -2.812 -2.6339
190 -2.811 -2.63201
191 -2.81 -2.63011
192 -2.809 -2.62822
193 -2.808 -2.62633
194 -2.807 -2.62444
195 -2.806 -2.62255
196 -2.805 -2.62066
197 -2.804 -2.61877
198 -2.803 -2.61688
199 -2.802 -2.61499
200 -2.801 -2.6131
201 -2.8 -2.61121
202 -2.799 -2.60932
203 -2.798 -2.60744
204 -2.797 -2.60555
205 -2.796 -2.60367
206 -2.795 -2.60178
207 -2.794 -2.5999
208 -2.793 -2.59801
209 -2.792 -2.59613
210 -2.791 -2.59425
211 -2.79 -2.59237
212 -2.789 -2.59049
213 -2.788 -2.5886
214 -2.787 -2.58672
215 -2.786 -2.58484
216 -2.785 -2.58297
217 -2.784 -2.58109
218 -2.783 -2.57921
219 -2.782 -2.57733
220 -2.781 -2.57546
221 -2.78 -2.57358
222 -2.779 -2.5717
223 -2.778 -2.56983
224 -2.777 -2.56795
225 -2.776 -2.56608
226 -2.775 -2.56421
227 -2.774 -2.56233
228 -2.773 -2.56046
229 -2.772 -2.55859
230 -2.771 -2.55672
231 -2.77 -2.55485
232 -2.769 -2.55298
233 -2.768 -2.55111
234 -2.767 -2.54924
235 -2.766 -2.54737
236 -2.765 -2.5455
237 -2.764 -2.54364
238 -2.763 -2.54177
239 -2.762 -2.5399
240 -2.761 -2.53804
241 -2.76 -2.53617
242 -2.759 -2.53431
243 -2.758 -2.53245
244 -2.757 -2.53058
245 -2.756 -2.52872
246 -2.755 -2.52686
247 -2.754 -2.525
248 -2.753 -2.52314
249 -2.752 -2.52128
250 -2.751 -2.51942
251 -2.75 -2.51756
252 -2.749 -2.5157
253 -2.748 -2.51384
254 -2.747 -2.51199
255 -2.746 -2.51013
256 -2.745 -2.50827
257 -2.744 -2.50642
258 -2.743 -2.50456
259 -2.742 -2.50271
260 -2.741 -2.50085
261 -2.74 -2.499
262 -2.739 -2.49715
263 -2.738 -2.4953
264 -2.737 -2.49344
265 -2.736 -2.49159
266 -2.735 -2.48974
267 -2.734 -2.48789
268 -2.733 -2.48604
269 -2.732 -2.4842
270 -2.731 -2.48235
271 -2.73 -2.4805
272 -2.729 -2.47865
273 -2.728 -2.47681
274 -2.727 -2.47496
275 -2.726 -2.47312
276 -2.725 -2.47127
277 -2.724 -2.46943
278 -2.723 -2.46758
279 -2.722 -2.46574
280 -2.721 -2.4639
281 -2.72 -2.46206
282 -2.719 -2.46022
283 -2.718 -2.45837
284 -2.717 -2.45653
285 -2.716 -2.4547
286 -2.715 -2.45286
287 -2.714 -2.45102
288 -2.713 -2.44918
289 -2.712 -2.44734
290 -2.711 -2.44551
291 -2.71 -2.44367
292 -2.709 -2.44184
293 -2.708 -2.44
294 -2.707 -2.43817
295 -2.706 -2.43633
296 -2.705 -2.4345
297 -2.704 -2.43267
298 -2.703 -2.43084
299 -2.702 -2.429
300 -2.701 -2.42717
301 -2.7 -2.42534
302 -2.699 -2.42351
303 -2.698 -2.42168
304 -2.697 -2.41986
305 -2.696 -2.41803
306 -2.695 -2.4162
307 -2.694 -2.41437
308 -2.693 -2.41255
309 -2.692 -2.41072
310 -2.691 -2.4089
311 -2.69 -2.40707
312 -2.689 -2.40525
313 -2.688 -2.40343
314 -2.687 -2.4016
315 -2.686 -2.39978
316 -2.685 -2.39796
317 -2.684 -2.39614
318 -2.683 -2.39432
319 -2.682 -2.3925
320 -2.681 -2.39068
321 -2.68 -2.38886
322 -2.679 -2.38704
323 -2.678 -2.38523
324 -2.677 -2.38341
325 -2.676 -2.38159
326 -2.675 -2.37978
327 -2.674 -2.37796
328 -2.673 -2.37615
329 -2.672 -2.37433
330 -2.671 -2.37252
331 -2.67 -2.37071
332 -2.669 -2.3689
333 -2.668 -2.36708
334 -2.667 -2.36527
335 -2.666 -2.36346
336 -2.665 -2.36165
337 -2.664 -2.35984
338 -2.663 -2.35804
339 -2.662 -2.35623
340 -2.661 -2.35442
341 -2.66 -2.35261
342 -2.659 -2.35081
343 -2.658 -2.349
344 -2.657 -2.3472
345 -2.656 -2.34539
346 -2.655 -2.34359
347 -2.654 -2.34178
348 -2.653 -2.33998
349 -2.652 -2.33818
350 -2.651 -2.33638
351 -2.65 -2.33458
352 -2.649 -2.33278
353 -2.648 -2.33098
354 -2.647 -2.32918
355 -2.646 -2.32738
356 -2.645 -2.32558
357 -2.644 -2.32378
358 -2.643 -2.32198
359 -2.642 -2.32019
360 -2.641 -2.31839
361 -2.64 -2.3166
362 -2.639 -2.3148
363 -2.638 -2.31301
364 -2.637 -2.31121
365 -2.636 -2.30942
366 -2.635 -2.30763
367 -2.634 -2.30584
368 -2.633 -2.30405
369 -2.632 -2.30226
370 -2.631 -2.30047
371 -2.63 -2.29868
372 -2.629 -2.29689
373 -2.628 -2.2951
374 -2.627 -2.29331
375 -2.626 -2.29152
376 -2.625 -2.28974
377 -2.624 -2.28795
378 -2.623 -2.28617
379 -2.622 -2.28438
380 -2.621 -2.2826
381 -2.62 -2.28081
382 -2.619 -2.27903
383 -2.618 -2.27725
384 -2.617 -2.27547
385 -2.616 -2.27369
386 -2.615 -2.27191
387 -2.614 -2.27013
388 -2.613 -2.26835
389 -2.612 -2.26657
390 -2.611 -2.26479
391 -2.61 -2.26301
392 -2.609 -2.26123
393 -2.608 -2.25946
394 -2.607 -2.25768
395 -2.606 -2.25591
396 -2.605 -2.25413
397 -2.604 -2.25236
398 -2.603 -2.25058
399 -2.602 -2.24881
400 -2.601 -2.24704
401 -2.6 -2.24527
402 -2.599 -2.2435
403 -2.598 -2.24173
404 -2.597 -2.23996
405 -2.596 -2.23819
406 -2.595 -2.23642
407 -2.594 -2.23465
408 -2.593 -2.23288
409 -2.592 -2.23111
410 -2.591 -2.22935
411 -2.59 -2.22758
412 -2.589 -2.22582
413 -2.588 -2.22405
414 -2.587 -2.22229
415 -2.586 -2.22052
416 -2.585 -2.21876
417 -2.584 -2.217
418 -2.583 -2.21524
419 -2.582 -2.21347
420 -2.581 -2.21171
421 -2.58 -2.20995
422 -2.579 -2.20819
423 -2.578 -2.20644
424 -2.577 -2.20468
425 -2.576 -2.20292
426 -2.575 -2.20116
427 -2.574 -2.19941
428 -2.573 -2.19765
429 -2.572 -2.19589
430 -2.571 -2.19414
431 -2.57 -2.19239
432 -2.569 -2.19063
433 -2.568 -2.18888
434 -2.567 -2.18713
435 -2.566 -2.18538
436 -2.565 -2.18362
437 -2.564 -2.18187
438 -2.563 -2.18012
439 -2.562 -2.17837
440 -2.561 -2.17663
441 -2.56 -2.17488
442 -2.559 -2.17313
443 -2.558 -2.17138
444 -2.557 -2.16964
445 -2.556 -2.16789
446 -2.555 -2.16614
447 -2.554 -2.1644
448 -2.553 -2.16266
449 -2.552 -2.16091
450 -2.551 -2.15917
451 -2.55 -2.15743
452 -2.549 -2.15569
453 -2.548 -2.15394
454 -2.547 -2.1522
455 -2.546 -2.15046
456 -2.545 -2.14872
457 -2.544 -2.14699
458 -2.543 -2.14525
459 -2.542 -2.14351
460 -2.541 -2.14177
461 -2.54 -2.14004
462 -2.539 -2.1383
463 -2.538 -2.13657
464 -2.537 -2.13483
465 -2.536 -2.1331
466 -2.535 -2.13136
467 -2.534 -2.12963
468 -2.533 -2.1279
469 -2.532 -2.12617
470 -2.531 -2.12444
471 -2.53 -2.12271
472 -2.529 -2.12098
473 -2.528 -2.11925
474 -2.527 -2.11752
475 -2.526 -2.11579
476 -2.525 -2.11406
477 -2.524 -2.11233
478 -2.523 -2.11061
479 -2.522 -2.10888
480 -2.521 -2.10716
481 -2.52 -2.10543
482 -2.519 -2.10371
483 -2.518 -2.10199
484 -2.517 -2.10026
485 -2.516 -2.09854
486 -2.515 -2.09682
487 -2.514 -2.0951
488 -2.513 -2.09338
489 -2.512 -2.09166
490 -2.511 -2.08994
491 -2.51 -2.08822
492 -2.509 -2.0865
493 -2.508 -2.08479
494 -2.507 -2.08307
495 -2.506 -2.08135
496 -2.505 -2.07964
497 -2.504 -2.07792
498 -2.503 -2.07621
499 -2.502 -2.07449
500 -2.501 -2.07278
501 -2.5 -2.07107
502 -2.499 -2.06936
503 -2.498 -2.06764
504 -2.497 -2.06593
505 -2.496 -2.06422
506 -2.495 -2.06251
507 -2.494 -2.0608
508 -2.493 -2.0591
509 -2.492 -2.05739
510 -2.491 -2.05568
511 -2.49 -2.05397
512 -2.489 -2.05227
513 -2.488 -2.05056
514 -2.487 -2.04886
515 -2.486 -2.04715
516 -2.485 -2.04545
517 -2.484 -2.04375
518 -2.483 -2.04204
519 -2.482 -2.04034
520 -2.481 -2.03864
521 -2.48 -2.03694
522 -2.479 -2.03524
523 -2.478 -2.03354
524 -2.477 -2.03184
525 -2.476 -2.03014
526 -2.475 -2.02845
527 -2.474 -2.02675
528 -2.473 -2.02505
529 -2.472 -2.02336
530 -2.471 -2.02166
531 -2.47 -2.01997
532 -2.469 -2.01827
533 -2.468 -2.01658
534 -2.467 -2.01489
535 -2.466 -2.01319
536 -2.465 -2.0115
537 -2.464 -2.00981
538 -2.463 -2.00812
539 -2.462 -2.00643
540 -2.461 -2.00474
541 -2.46 -2.00305
542 -2.459 -2.00137
543 -2.458 -1.99968
544 -2.457 -1.99799
545 -2.456 -1.9963
546 -2.455 -1.99462
547 -2.454 -1.99293
548 -2.453 -1.99125
549 -2.452 -1.98957
550 -2.451 -1.98788
551 -2.45 -1.9862
552 -2.449 -1.98452
553 -2.448 -1.98284
554 -2.447 -1.98116
555 -2.446 -1.97948
556 -2.445 -1.9778
557 -2.444 -1.97612
558 -2.443 -1.97444
559 -2.442 -1.97276
560 -2.441 -1.97108
561 -2.44 -1.96941
562 -2.439 -1.96773
563 -2.438 -1.96605
564 -2.437 -1.96438
565 -2.436 -1.96271
566 -2.435 -1.96103
567 -2.434 -1.95936
568 -2.433 -1.95769
569 -2.432 -1.95601
570 -2.431 -1.95434
571 -2.43 -1.95267
572 -2.429 -1.951
573 -2.428 -1.94933
574 -2.427 -1.94766
575 -2.426 -1.946
576 -2.425 -1.94433
577 -2.424 -1.94266
578 -2.423 -1.941
579 -2.422 -1.93933
580 -2.421 -1.93766
581 -2.42 -1.936
582 -2.419 -1.93434
583 -2.418 -1.93267
584 -2.417 -1.93101
585 -2.416 -1.92935
586 -2.415 -1.92769
587 -2.414 -1.92603
588 -2.413 -1.92436
589 -2.412 -1.92271
590 -2.411 -1.92105
591 -2.41 -1.91939
592 -2.409 -1.91773
593 -2.408 -1.91607
594 -2.407 -1.91442
595 -2.406 -1.91276
596 -2.405 -1.9111
597 -2.404 -1.90945
598 -2.403 -1.90779
599 -2.402 -1.90614
600 -2.401 -1.90449
601 -2.4 -1.90284
602 -2.399 -1.90118
603 -2.398 -1.89953
604 -2.397 -1.89788
605 -2.396 -1.89623
606 -2.395 -1.89458
607 -2.394 -1.89293
608 -2.393 -1.89128
609 -2.392 -1.88964
610 -2.391 -1.88799
611 -2.39 -1.88634
612 -2.389 -1.8847
613 -2.388 -1.88305
614 -2.387 -1.88141
615 -2.386 -1.87976
616 -2.385 -1.87812
617 -2.384 -1.87648
618 -2.383 -1.87484
619 -2.382 -1.87319
620 -2.381 -1.87155
621 -2.38 -1.86991
622 -2.379 -1.86827
623 -2.378 -1.86663
624 -2.377 -1.865
625 -2.376 -1.86336
626 -2.375 -1.86172
627 -2.374 -1.86008
628 -2.373 -1.85845
629 -2.372 -1.85681
630 -2.371 -1.85518
631 -2.37 -1.85354
632 -2.369 -1.85191
633 -2.368 -1.85028
634 -2.367 -1.84864
635 -2.366 -1.84701
636 -2.365 -1.84538
637 -2.364 -1.84375
638 -2.363 -1.84212
639 -2.362 -1.84049
640 -2.361 -1.83886
641 -2.36 -1.83723
642 -2.359 -1.83561
643 -2.358 -1.83398
644 -2.357 -1.83235
645 -2.356 -1.83073
646 -2.355 -1.8291
647 -2.354 -1.82748
648 -2.353 -1.82585
649 -2.352 -1.82423
650 -2.351 -1.82261
651 -2.35 -1.82099
652 -2.349 -1.81936
653 -2.348 -1.81774
654 -2.347 -1.81612
655 -2.346 -1.8145
656 -2.345 -1.81288
657 -2.344 -1.81127
658 -2.343 -1.80965
659 -2.342 -1.80803
660 -2.341 -1.80641
661 -2.34 -1.8048
662 -2.339 -1.80318
663 -2.338 -1.80157
664 -2.337 -1.79995
665 -2.336 -1.79834
666 -2.335 -1.79673
667 -2.334 -1.79512
668 -2.333 -1.7935
669 -2.332 -1.79189
670 -2.331 -1.79028
671 -2.33 -1.78867
672 -2.329 -1.78706
673 -2.328 -1.78545
674 -2.327 -1.78385
675 -2.326 -1.78224
676 -2.325 -1.78063
677 -2.324 -1.77903
678 -2.323 -1.77742
679 -2.322 -1.77582
680 -2.321 -1.77421
681 -2.32 -1.77261
682 -2.319 -1.771
683 -2.318 -1.7694
684 -2.317 -1.7678
685 -2.316 -1.7662
686 -2.315 -1.7646
687 -2.314 -1.763
688 -2.313 -1.7614
689 -2.312 -1.7598
690 -2.311 -1.7582
691 -2.31 -1.7566
692 -2.309 -1.75501
693 -2.308 -1.75341
694 -2.307 -1.75182
695 -2.306 -1.75022
696 -2.305 -1.74863
697 -2.304 -1.74703
698 -2.303 -1.74544
699 -2.302 -1.74385
700 -2.301 -1.74225
701 -2.3 -1.74066
702 -2.299 -1.73907
703 -2.298 -1.73748
704 -2.297 -1.73589
705 -2.296 -1.7343
706 -2.295 -1.73271
707 -2.294 -1.73113
708 -2.293 -1.72954
709 -2.292 -1.72795
710 -2.291 -1.72637
711 -2.29 -1.72478
712 -2.289 -1.7232
713 -2.288 -1.72161
714 -2.287 -1.72003
715 -2.286 -1.71845
716 -2.285 -1.71687
717 -2.284 -1.71528
718 -2.283 -1.7137
719 -2.282 -1.71212
720 -2.281 -1.71054
721 -2.28 -1.70896
722 -2.279 -1.70739
723 -2.278 -1.70581
724 -2.277 -1.70423
725 -2.276 -1.70265
726 -2.275 -1.70108
727 -2.274 -1.6995
728 -2.273 -1.69793
729 -2.272 -1.69635
730 -2.271 -1.69478
731 -2.27 -1.69321
732 -2.269 -1.69163
733 -2.268 -1.69006
734 -2.267 -1.68849
735 -2.266 -1.68692
736 -2.265 -1.68535
737 -2.264 -1.68378
738 -2.263 -1.68221
739 -2.262 -1.68065
740 -2.261 -1.67908
741 -2.26 -1.67751
742 -2.259 -1.67595
743 -2.258 -1.67438
744 -2.257 -1.67282
745 -2.256 -1.67125
746 -2.255 -1.66969
747 -2.254 -1.66812
748 -2.253 -1.66656
749 -2.252 -1.665
750 -2.251 -1.66344
751 -2.25 -1.66188
752 -2.249 -1.66032
753 -2.248 -1.65876
754 -2.247 -1.6572
755 -2.246 -1.65564
756 -2.245 -1.65409
757 -2.244 -1.65253
758 -2.243 -1.65097
759 -2.242 -1.64942
760 -2.241 -1.64786
761 -2.24 -1.64631
762 -2.239 -1.64475
763 -2.238 -1.6432
764 -2.237 -1.64165
765 -2.236 -1.6401
766 -2.235 -1.63855
767 -2.234 -1.637
768 -2.233 -1.63545
769 -2.232 -1.6339
770 -2.231 -1.63235
771 -2.23 -1.6308
772 -2.229 -1.62925
773 -2.228 -1.6277
774 -2.227 -1.62616
775 -2.226 -1.62461
776 -2.225 -1.62307
777 -2.224 -1.62152
778 -2.223 -1.61998
779 -2.222 -1.61844
780 -2.221 -1.61689
781 -2.22 -1.61535
782 -2.219 -1.61381
783 -2.218 -1.61227
784 -2.217 -1.61073
785 -2.216 -1.60919
786 -2.215 -1.60765
787 -2.214 -1.60611
788 -2.213 -1.60458
789 -2.212 -1.60304
790 -2.211 -1.6015
791 -2.21 -1.59997
792 -2.209 -1.59843
793 -2.208 -1.5969
794 -2.207 -1.59537
795 -2.206 -1.59383
796 -2.205 -1.5923
797 -2.204 -1.59077
798 -2.203 -1.58924
799 -2.202 -1.58771
800 -2.201 -1.58618
801 -2.2 -1.58465
802 -2.199 -1.58312
803 -2.198 -1.58159
804 -2.197 -1.58006
805 -2.196 -1.57854
806 -2.195 -1.57701
807 -2.194 -1.57548
808 -2.193 -1.57396
809 -2.192 -1.57243
810 -2.191 -1.57091
811 -2.19 -1.56939
812 -2.189 -1.56787
813 -2.188 -1.56634
814 -2.187 -1.56482
815 -2.186 -1.5633
816 -2.185 -1.56178
817 -2.184 -1.56026
818 -2.183 -1.55874
819 -2.182 -1.55723
820 -2.181 -1.55571
821 -2.18 -1.55419
822 -2.179 -1.55268
823 -2.178 -1.55116
824 -2.177 -1.54965
825 -2.176 -1.54813
826 -2.175 -1.54662
827 -2.174 -1.5451
828 -2.173 -1.54359
829 -2.172 -1.54208
830 -2.171 -1.54057
831 -2.17 -1.53906
832 -2.169 -1.53755
833 -2.168 -1.53604
834 -2.167 -1.53453
835 -2.166 -1.53302
836 -2.165 -1.53152
837 -2.164 -1.53001
838 -2.163 -1.5285
839 -2.162 -1.527
840 -2.161 -1.52549
841 -2.16 -1.52399
842 -2.159 -1.52248
843 -2.158 -1.52098
844 -2.157 -1.51948
845 -2.156 -1.51798
846 -2.155 -1.51648
847 -2.154 -1.51498
848 -2.153 -1.51348
849 -2.152 -1.51198
850 -2.151 -1.51048
851 -2.15 -1.50898
852 -2.149 -1.50748
853 -2.148 -1.50599
854 -2.147 -1.50449
855 -2.146 -1.50299
856 -2.145 -1.5015
857 -2.144 -1.50001
858 -2.143 -1.49851
859 -2.142 -1.49702
860 -2.141 -1.49553
861 -2.14 -1.49404
862 -2.139 -1.49254
863 -2.138 -1.49105
864 -2.137 -1.48956
865 -2.136 -1.48808
866 -2.135 -1.48659
867 -2.134 -1.4851
868 -2.133 -1.48361
869 -2.132 -1.48213
870 -2.131 -1.48064
871 -2.13 -1.47915
872 -2.129 -1.47767
873 -2.128 -1.47619
874 -2.127 -1.4747
875 -2.126 -1.47322
876 -2.125 -1.47174
877 -2.124 -1.47026
878 -2.123 -1.46878
879 -2.122 -1.4673
880 -2.121 -1.46582
881 -2.12 -1.46434
882 -2.119 -1.46286
883 -2.118 -1.46138
884 -2.117 -1.4599
885 -2.116 -1.45843
886 -2.115 -1.45695
887 -2.114 -1.45548
888 -2.113 -1.454
889 -2.112 -1.45253
890 -2.111 -1.45105
891 -2.11 -1.44958
892 -2.109 -1.44811
893 -2.108 -1.44664
894 -2.107 -1.44517
895 -2.106 -1.4437
896 -2.105 -1.44223
897 -2.104 -1.44076
898 -2.103 -1.43929
899 -2.102 -1.43782
900 -2.101 -1.43636
901 -2.1 -1.43489
902 -2.099 -1.43343
903 -2.098 -1.43196
904 -2.097 -1.4305
905 -2.096 -1.42903
906 -2.095 -1.42757
907 -2.094 -1.42611
908 -2.093 -1.42465
909 -2.092 -1.42318
910 -2.091 -1.42172
911 -2.09 -1.42026
912 -2.089 -1.4188
913 -2.088 -1.41735
914 -2.087 -1.41589
915 -2.086 -1.41443
916 -2.085 -1.41297
917 -2.084 -1.41152
918 -2.083 -1.41006
919 -2.082 -1.40861
920 -2.081 -1.40715
921 -2.08 -1.4057
922 -2.079 -1.40425
923 -2.078 -1.4028
924 -2.077 -1.40134
925 -2.076 -1.39989
926 -2.075 -1.39844
927 -2.074 -1.39699
928 -2.073 -1.39554
929 -2.072 -1.3941
930 -2.071 -1.39265
931 -2.07 -1.3912
932 -2.069 -1.38975
933 -2.068 -1.38831
934 -2.067 -1.38686
935 -2.066 -1.38542
936 -2.065 -1.38398
937 -2.064 -1.38253
938 -2.063 -1.38109
939 -2.062 -1.37965
940 -2.061 -1.37821
941 -2.06 -1.37677
942 -2.059 -1.37533
943 -2.058 -1.37389
944 -2.057 -1.37245
945 -2.056 -1.37101
946 -2.055 -1.36957
947 -2.054 -1.36814
948 -2.053 -1.3667
949 -2.052 -1.36526
950 -2.051 -1.36383
951 -2.05 -1.36239
952 -2.049 -1.36096
953 -2.048 -1.35953
954 -2.047 -1.3581
955 -2.046 -1.35666
956 -2.045 -1.35523
957 -2.044 -1.3538
958 -2.043 -1.35237
959 -2.042 -1.35094
960 -2.041 -1.34951
961 -2.04 -1.34809
962 -2.039 -1.34666
963 -2.038 -1.34523
964 -2.037 -1.34381
965 -2.036 -1.34238
966 -2.035 -1.34096
967 -2.034 -1.33953
968 -2.033 -1.33811
969 -2.032 -1.33669
970 -2.031 -1.33527
971 -2.03 -1.33384
972 -2.029 -1.33242
973 -2.028 -1.331
974 -2.027 -1.32958
975 -2.026 -1.32816
976 -2.025 -1.32675
977 -2.024 -1.32533
978 -2.023 -1.32391
979 -2.022 -1.3225
980 -2.021 -1.32108
981 -2.02 -1.31967
982 -2.019 -1.31825
983 -2.018 -1.31684
984 -2.017 -1.31542
985 -2.016 -1.31401
986 -2.015 -1.3126
987 -2.014 -1.31119
988 -2.013 -1.30978
989 -2.012 -1.30837
990 -2.011 -1.30696
991 -2.01 -1.30555
992 -2.009 -1.30414
993 -2.008 -1.30274
994 -2.007 -1.30133
995 -2.006 -1.29992
996 -2.005 -1.29852
997 -2.004 -1.29711
998 -2.003 -1.29571
999 -2.002 -1.29431
1000 -2.001 -1.2929
1001 -2 -1.2915
1002 -1.999 -1.2901
1003 -1.998 -1.2887
1004 -1.997 -1.2873
1005 -1.996 -1.2859
1006 -1.995 -1.2845
1007 -1.994 -1.2831
1008 -1.993 -1.28171
1009 -1.992 -1.28031
1010 -1.991 -1.27891
1011 -1.99 -1.27752
1012 -1.989 -1.27612
1013 -1.988 -1.27473
1014 -1.987 -1.27334
1015 -1.986 -1.27194
1016 -1.985 -1.27055
1017 -1.984 -1.26916
1018 -1.983 -1.26777
1019 -1.982 -1.26638
1020 -1.981 -1.26499
1021 -1.98 -1.2636
1022 -1.979 -1.26221
1023 -1.978 -1.26082
1024 -1.977 -1.25944
1025 -1.976 -1.25805
1026 -1.975 -1.25666
1027 -1.974 -1.25528
1028 -1.973 -1.25389
1029 -1.972 -1.25251
1030 -1.971 -1.25113
1031 -1.97 -1.24974
1032 -1.969 -1.24836
1033 -1.968 -1.24698
1034 -1.967 -1.2456
1035 -1.966 -1.24422
1036 -1.965 -1.24284
1037 -1.964 -1.24146
1038 -1.963 -1.24008
1039 -1.962 -1.23871
1040 -1.961 -1.23733
1041 -1.96 -1.23596
1042 -1.959 -1.23458
1043 -1.958 -1.2332
1044 -1.957 -1.23183
1045 -1.956 -1.23046
1046 -1.955 -1.22908
1047 -1.954 -1.22771
1048 -1.953 -1.22634
1049 -1.952 -1.22497
1050 -1.951 -1.2236
1051 -1.95 -1.22223
1052 -1.949 -1.22086
1053 -1.948 -1.21949
1054 -1.947 -1.21813
1055 -1.946 -1.21676
1056 -1.945 -1.21539
1057 -1.944 -1.21403
1058 -1.943 -1.21266
1059 -1.942 -1.2113
1060 -1.941 -1.20994
1061 -1.94 -1.20857
1062 -1.939 -1.20721
1063 -1.938 -1.20585
1064 -1.937 -1.20449
1065 -1.936 -1.20313
1066 -1.935 -1.20177
1067 -1.934 -1.20041
1068 -1.933 -1.19905
1069 -1.932 -1.19769
1070 -1.931 -1.19634
1071 -1.93 -1.19498
1072 -1.929 -1.19362
1073 -1.928 -1.19227
1074 -1.927 -1.19091
1075 -1.926 -1.18956
1076 -1.925 -1.18821
1077 -1.924 -1.18685
1078 -1.923 -1.1855
1079 -1.922 -1.18415
1080 -1.921 -1.1828
1081 -1.92 -1.18145
1082 -1.919 -1.1801
1083 -1.918 -1.17875
1084 -1.917 -1.17741
1085 -1.916 -1.17606
1086 -1.915 -1.17471
1087 -1.914 -1.17337
1088 -1.913 -1.17202
1089 -1.912 -1.17068
1090 -1.911 -1.16933
1091 -1.91 -1.16799
1092 -1.909 -1.16665
1093 -1.908 -1.16531
1094 -1.907 -1.16396
1095 -1.906 -1.16262
1096 -1.905 -1.16128
1097 -1.904 -1.15994
1098 -1.903 -1.15861
1099 -1.902 -1.15727
1100 -1.901 -1.15593
1101 -1.9 -1.15459
1102 -1.899 -1.15326
1103 -1.898 -1.15192
1104 -1.897 -1.15059
1105 -1.896 -1.14925
1106 -1.895 -1.14792
1107 -1.894 -1.14659
1108 -1.893 -1.14526
1109 -1.892 -1.14392
1110 -1.891 -1.14259
1111 -1.89 -1.14126
1112 -1.889 -1.13993
1113 -1.888 -1.13861
1114 -1.887 -1.13728
1115 -1.886 -1.13595
1116 -1.885 -1.13462
1117 -1.884 -1.1333
1118 -1.883 -1.13197
1119 -1.882 -1.13065
1120 -1.881 -1.12932
1121 -1.88 -1.128
1122 -1.879 -1.12668
1123 -1.878 -1.12536
1124 -1.877 -1.12403
1125 -1.876 -1.12271
1126 -1.875 -1.12139
1127 -1.874 -1.12007
1128 -1.873 -1.11875
1129 -1.872 -1.11744
1130 -1.871 -1.11612
1131 -1.87 -1.1148
1132 -1.869 -1.11349
1133 -1.868 -1.11217
1134 -1.867 -1.11086
1135 -1.866 -1.10954
1136 -1.865 -1.10823
1137 -1.864 -1.10692
1138 -1.863 -1.1056
1139 -1.862 -1.10429
1140 -1.861 -1.10298
1141 -1.86 -1.10167
1142 -1.859 -1.10036
1143 -1.858 -1.09905
1144 -1.857 -1.09774
1145 -1.856 -1.09644
1146 -1.855 -1.09513
1147 -1.854 -1.09382
1148 -1.853 -1.09252
1149 -1.852 -1.09121
1150 -1.851 -1.08991
1151 -1.85 -1.08861
1152 -1.849 -1.0873
1153 -1.848 -1.086
1154 -1.847 -1.0847
1155 -1.846 -1.0834
1156 -1.845 -1.0821
1157 -1.844 -1.0808
1158 -1.843 -1.0795
1159 -1.842 -1.0782
1160 -1.841 -1.0769
1161 -1.84 -1.07561
1162 -1.839 -1.07431
1163 -1.838 -1.07302
1164 -1.837 -1.07172
1165 -1.836 -1.07043
1166 -1.835 -1.06913
1167 -1.834 -1.06784
1168 -1.833 -1.06655
1169 -1.832 -1.06526
1170 -1.831 -1.06397
1171 -1.83 -1.06268
1172 -1.829 -1.06139
1173 -1.828 -1.0601
1174 -1.827 -1.05881
1175 -1.826 -1.05752
1176 -1.825 -1.05624
1177 -1.824 -1.05495
1178 -1.823 -1.05366
1179 -1.822 -1.05238
1180 -1.821 -1.0511
1181 -1.82 -1.04981
1182 -1.819 -1.04853
1183 -1.818 -1.04725
1184 -1.817 -1.04597
1185 -1.816 -1.04468
1186 -1.815 -1.0434
1187 -1.814 -1.04213
1188 -1.813 -1.04085
1189 -1.812 -1.03957
1190 -1.811 -1.03829
1191 -1.81 -1.03701
1192 -1.809 -1.03574
1193 -1.808 -1.03446
1194 -1.807 -1.03319
1195 -1.806 -1.03191
1196 -1.805 -1.03064
1197 -1.804 -1.02937
1198 -1.803 -1.0281
1199 -1.802 -1.02682
1200 -1.801 -1.02555
1201 -1.8 -1.02428
1202 -1.799 -1.02301
1203 -1.798 -1.02175
1204 -1.797 -1.02048
1205 -1.796 -1.01921
1206 -1.795 -1.01794
1207 -1.794 -1.01668
1208 -1.793 -1.01541
1209 -1.792 -1.01415
1210 -1.791 -1.01288
1211 -1.79 -1.01162
1212 -1.789 -1.01036
1213 -1.788 -1.0091
1214 -1.787 -1.00783
1215 -1.786 -1.00657
1216 -1.785 -1.00531
1217 -1.784 -1.00405
1218 -1.783 -1.0028
1219 -1.782 -1.00154
1220 -1.781 -1.00028
1221 -1.78 -0.999024
1222 -1.779 -0.997769
1223 -1.778 -0.996513
1224 -1.777 -0.995259
1225 -1.776 -0.994005
1226 -1.775 -0.992752
1227 -1.774 -0.991499
1228 -1.773 -0.990247
1229 -1.772 -0.988996
1230 -1.771 -0.987746
1231 -1.77 -0.986496
1232 -1.769 -0.985247
1233 -1.768 -0.983998
1234 -1.767 -0.982751
1235 -1.766 -0.981504
1236 -1.765 -0.980257
1237 -1.764 -0.979011
1238 -1.763 -0.977766
1239 -1.762 -0.976522
1240 -1.761 -0.975278
1241 -1.76 -0.974035
1242 -1.759 -0.972793
1243 -1.758 -0.971551
1244 -1.757 -0.97031
1245 -1.756 -0.96907
1246 -1.755 -0.96783
1247 -1.754 -0.966591
1248 -1.753 -0.965353
1249 -1.752 -0.964115
1250 -1.751 -0.962878
1251 -1.75 -0.961642
1252 -1.749 -0.960406
1253 -1.748 -0.959172
1254 -1.747 -0.957937
1255 -1.746 -0.956704
1256 -1.745 -0.955471
1257 -1.744 -0.954239
1258 -1.743 -0.953007
1259 -1.742 -0.951776
1260 -1.741 -0.950546
1261 -1.74 -0.949317
1262 -1.739 -0.948088
1263 -1.738 -0.94686
1264 -1.737 -0.945633
1265 -1.736 -0.944406
1266 -1.735 -0.94318
1267 -1.734 -0.941954
1268 -1.733 -0.94073
1269 -1.732 -0.939506
1270 -1.731 -0.938282
1271 -1.73 -0.93706
1272 -1.729 -0.935838
1273 -1.728 -0.934616
1274 -1.727 -0.933396
1275 -1.726 -0.932176
1276 -1.725 -0.930957
1277 -1.724 -0.929738
1278 -1.723 -0.92852
1279 -1.722 -0.927303
1280 -1.721 -0.926087
1281 -1.72 -0.924871
1282 -1.719 -0.923656
1283 -1.718 -0.922441
1284 -1.717 -0.921227
1285 -1.716 -0.920014
1286 -1.715 -0.918802
1287 -1.714 -0.91759
1288 -1.713 -0.916379
1289 -1.712 -0.915169
1290 -1.711 -0.913959
1291 -1.71 -0.91275
1292 -1.709 -0.911542
1293 -1.708 -0.910334
1294 -1.707 -0.909127
1295 -1.706 -0.907921
1296 -1.705 -0.906715
1297 -1.704 -0.90551
1298 -1.703 -0.904306
1299 -1.702 -0.903103
1300 -1.701 -0.9019
1301 -1.7 -0.900698
1302 -1.699 -0.899496
1303 -1.698 -0.898295
1304 -1.697 -0.897095
1305 -1.696 -0.895896
1306 -1.695 -0.894697
1307 -1.694 -0.893499
1308 -1.693 -0.892302
1309 -1.692 -0.891105
1310 -1.691 -0.889909
1311 -1.69 -0.888714
1312 -1.689 -0.887519
1313 -1.688 -0.886325
1314 -1.687 -0.885132
1315 -1.686 -0.88394
1316 -1.685 -0.882748
1317 -1.684 -0.881557
1318 -1.683 -0.880366
1319 -1.682 -0.879176
1320 -1.681 -0.877987
1321 -1.68 -0.876799
1322 -1.679 -0.875611
1323 -1.678 -0.874424
1324 -1.677 -0.873238
1325 -1.676 -0.872052
1326 -1.675 -0.870867
1327 -1.674 -0.869683
1328 -1.673 -0.868499
1329 -1.672 -0.867316
1330 -1.671 -0.866134
1331 -1.67 -0.864953
1332 -1.669 -0.863772
1333 -1.668 -0.862592
1334 -1.667 -0.861412
1335 -1.666 -0.860233
1336 -1.665 -0.859055
1337 -1.664 -0.857878
1338 -1.663 -0.856701
1339 -1.662 -0.855525
1340 -1.661 -0.85435
1341 -1.66 -0.853175
1342 -1.659 -0.852001
1343 -1.658 -0.850828
1344 -1.657 -0.849656
1345 -1.656 -0.848484
1346 -1.655 -0.847313
1347 -1.654 -0.846142
1348 -1.653 -0.844972
1349 -1.652 -0.843803
1350 -1.651 -0.842635
1351 -1.65 -0.841467
1352 -1.649 -0.8403
1353 -1.648 -0.839134
1354 -1.647 -0.837968
1355 -1.646 -0.836803
1356 -1.645 -0.835639
1357 -1.644 -0.834475
1358 -1.643 -0.833313
1359 -1.642 -0.83215
1360 -1.641 -0.830989
1361 -1.64 -0.829828
1362 -1.639 -0.828668
1363 -1.638 -0.827509
1364 -1.637 -0.82635
1365 -1.636 -0.825192
1366 -1.635 -0.824035
1367 -1.634 -0.822878
1368 -1.633 -0.821722
1369 -1.632 -0.820567
1370 -1.631 -0.819413
1371 -1.63 -0.818259
1372 -1.629 -0.817106
1373 -1.628 -0.815953
1374 -1.627 -0.814801
1375 -1.626 -0.81365
1376 -1.625 -0.8125
1377 -1.624 -0.81135
1378 -1.623 -0.810201
1379 -1.622 -0.809053
1380 -1.621 -0.807906
1381 -1.62 -0.806759
1382 -1.619 -0.805613
1383 -1.618 -0.804467
1384 -1.617 -0.803322
1385 -1.616 -0.802178
1386 -1.615 -0.801035
1387 -1.614 -0.799892
1388 -1.613 -0.79875
1389 -1.612 -0.797609
1390 -1.611 -0.796468
1391 -1.61 -0.795328
1392 -1.609 -0.794189
1393 -1.608 -0.793051
1394 -1.607 -0.791913
1395 -1.606 -0.790776
1396 -1.605 -0.789639
1397 -1.604 -0.788504
1398 -1.603 -0.787369
1399 -1.602 -0.786234
1400 -1.601 -0.785101
1401 -1.6 -0.783968
1402 -1.599 -0.782836
1403 -1.598 -0.781704
1404 -1.597 -0.780573
1405 -1.596 -0.779443
1406 -1.595 -0.778314
1407 -1.594 -0.777185
1408 -1.593 -0.776057
1409 -1.592 -0.77493
1410 -1.591 -0.773803
1411 -1.59 -0.772677
1412 -1.589 -0.771552
1413 -1.588 -0.770428
1414 -1.587 -0.769304
1415 -1.586 -0.768181
1416 -1.585 -0.767058
1417 -1.584 -0.765937
1418 -1.583 -0.764816
1419 -1.582 -0.763695
1420 -1.581 -0.762576
1421 -1.58 -0.761457
1422 -1.579 -0.760339
1423 -1.578 -0.759221
1424 -1.577 -0.758104
1425 -1.576 -0.756988
1426 -1.575 -0.755873
1427 -1.574 -0.754758
1428 -1.573 -0.753644
1429 -1.572 -0.752531
1430 -1.571 -0.751419
1431 -1.57 -0.750307
1432 -1.569 -0.749196
1433 -1.568 -0.748085
1434 -1.567 -0.746975
1435 -1.566 -0.745866
1436 -1.565 -0.744758
1437 -1.564 -0.74365
1438 -1.563 -0.742543
1439 -1.562 -0.741437
1440 -1.561 -0.740332
1441 -1.56 -0.739227
1442 -1.559 -0.738123
1443 -1.558 -0.737019
1444 -1.557 -0.735917
1445 -1.556 -0.734815
1446 -1.555 -0.733713
1447 -1.554 -0.732613
1448 -1.553 -0.731513
1449 -1.552 -0.730414
1450 -1.551 -0.729315
1451 -1.55 -0.728218
1452 -1.549 -0.727121
1453 -1.548 -0.726024
1454 -1.547 -0.724929
1455 -1.546 -0.723834
1456 -1.545 -0.722739
1457 -1.544 -0.721646
1458 -1.543 -0.720553
1459 -1.542 -0.719461
1460 -1.541 -0.71837
1461 -1.54 -0.717279
1462 -1.539 -0.716189
1463 -1.538 -0.7151
1464 -1.537 -0.714011
1465 -1.536 -0.712923
1466 -1.535 -0.711836
1467 -1.534 -0.71075
1468 -1.533 -0.709664
1469 -1.532 -0.708579
1470 -1.531 -0.707495
1471 -1.53 -0.706411
1472 -1.529 -0.705328
1473 -1.528 -0.704246
1474 -1.527 -0.703165
1475 -1.526 -0.702084
1476 -1.525 -0.701004
1477 -1.524 -0.699925
1478 -1.523 -0.698846
1479 -1.522 -0.697768
1480 -1.521 -0.696691
1481 -1.52 -0.695615
1482 -1.519 -0.694539
1483 -1.518 -0.693464
1484 -1.517 -0.692389
1485 -1.516 -0.691316
1486 -1.515 -0.690243
1487 -1.514 -0.689171
1488 -1.513 -0.688099
1489 -1.512 -0.687028
1490 -1.511 -0.685958
1491 -1.51 -0.684889
1492 -1.509 -0.68382
1493 -1.508 -0.682752
1494 -1.507 -0.681685
1495 -1.506 -0.680619
1496 -1.505 -0.679553
1497 -1.504 -0.678488
1498 -1.503 -0.677423
1499 -1.502 -0.67636
1500 -1.501 -0.675297
1501 -1.5 -0.674235
1502 -1.499 -0.673173
1503 -1.498 -0.672112
1504 -1.497 -0.671052
1505 -1.496 -0.669993
1506 -1.495 -0.668934
1507 -1.494 -0.667876
1508 -1.493 -0.666819
1509 -1.492 -0.665763
1510 -1.491 -0.664707
1511 -1.49 -0.663652
1512 -1.489 -0.662597
1513 -1.488 -0.661544
1514 -1.487 -0.660491
1515 -1.486 -0.659439
1516 -1.485 -0.658387
1517 -1.484 -0.657336
1518 -1.483 -0.656286
1519 -1.482 -0.655237
1520 -1.481 -0.654188
1521 -1.48 -0.65314
1522 -1.479 -0.652093
1523 -1.478 -0.651047
1524 -1.477 -0.650001
1525 -1.476 -0.648956
1526 -1.475 -0.647912
1527 -1.474 -0.646868
1528 -1.473 -0.645825
1529 -1.472 -0.644783
1530 -1.471 -0.643742
1531 -1.47 -0.642701
1532 -1.469 -0.641661
1533 -1.468 -0.640622
1534 -1.467 -0.639583
1535 -1.466 -0.638545
1536 -1.465 -0.637508
1537 -1.464 -0.636472
1538 -1.463 -0.635436
1539 -1.462 -0.634401
1540 -1.461 -0.633367
1541 -1.46 -0.632333
1542 -1.459 -0.631301
1543 -1.458 -0.630268
1544 -1.457 -0.629237
1545 -1.456 -0.628206
1546 -1.455 -0.627177
1547 -1.454 -0.626147
1548 -1.453 -0.625119
1549 -1.452 -0.624091
1550 -1.451 -0.623064
1551 -1.45 -0.622038
1552 -1.449 -0.621012
1553 -1.448 -0.619987
1554 -1.447 -0.618963
1555 -1.446 -0.61794
1556 -1.445 -0.616917
1557 -1.444 -0.615895
1558 -1.443 -0.614874
1559 -1.442 -0.613853
1560 -1.441 -0.612834
1561 -1.44 -0.611814
1562 -1.439 -0.610796
1563 -1.438 -0.609778
1564 -1.437 -0.608762
1565 -1.436 -0.607745
1566 -1.435 -0.60673
1567 -1.434 -0.605715
1568 -1.433 -0.604701
1569 -1.432 -0.603688
1570 -1.431 -0.602675
1571 -1.43 -0.601663
1572 -1.429 -0.600652
1573 -1.428 -0.599642
1574 -1.427 -0.598632
1575 -1.426 -0.597623
1576 -1.425 -0.596615
1577 -1.424 -0.595608
1578 -1.423 -0.594601
1579 -1.422 -0.593595
1580 -1.421 -0.59259
1581 -1.42 -0.591585
1582 -1.419 -0.590581
1583 -1.418 -0.589578
1584 -1.417 -0.588576
1585 -1.416 -0.587574
1586 -1.415 -0.586573
1587 -1.414 -0.585573
1588 -1.413 -0.584573
1589 -1.412 -0.583575
1590 -1.411 -0.582577
1591 -1.41 -0.581579
1592 -1.409 -0.580583
1593 -1.408 -0.579587
1594 -1.407 -0.578592
1595 -1.406 -0.577597
1596 -1.405 -0.576604
1597 -1.404 -0.575611
1598 -1.403 -0.574619
1599 -1.402 -0.573627
1600 -1.401 -0.572636
1601 -1.4 -0.571646
1602 -1.399 -0.570657
1603 -1.398 -0.569669
1604 -1.397 -0.568681
1605 -1.396 -0.567694
1606 -1.395 -0.566707
1607 -1.394 -0.565722
1608 -1.393 -0.564737
1609 -1.392 -0.563753
1610 -1.391 -0.562769
1611 -1.39 -0.561787
1612 -1.389 -0.560805
1613 -1.388 -0.559823
1614 -1.387 -0.558843
1615 -1.386 -0.557863
1616 -1.385 -0.556884
1617 -1.384 -0.555906
1618 -1.383 -0.554928
1619 -1.382 -0.553951
1620 -1.381 -0.552975
1621 -1.38 -0.552
1622 -1.379 -0.551025
1623 -1.378 -0.550051
1624 -1.377 -0.549078
1625 -1.376 -0.548106
1626 -1.375 -0.547134
1627 -1.374 -0.546163
1628 -1.373 -0.545193
1629 -1.372 -0.544223
1630 -1.371 -0.543255
1631 -1.37 -0.542287
1632 -1.369 -0.541319
1633 -1.368 -0.540353
1634 -1.367 -0.539387
1635 -1.366 -0.538422
1636 -1.365 -0.537458
1637 -1.364 -0.536494
1638 -1.363 -0.535531
1639 -1.362 -0.534569
1640 -1.361 -0.533608
1641 -1.36 -0.532647
1642 -1.359 -0.531687
1643 -1.358 -0.530728
1644 -1.357 -0.529769
1645 -1.356 -0.528812
1646 -1.355 -0.527855
1647 -1.354 -0.526898
1648 -1.353 -0.525943
1649 -1.352 -0.524988
1650 -1.351 -0.524034
1651 -1.35 -0.523081
1652 -1.349 -0.522128
1653 -1.348 -0.521176
1654 -1.347 -0.520225
1655 -1.346 -0.519275
1656 -1.345 -0.518325
1657 -1.344 -0.517377
1658 -1.343 -0.516428
1659 -1.342 -0.515481
1660 -1.341 -0.514534
1661 -1.34 -0.513589
1662 -1.339 -0.512643
1663 -1.338 -0.511699
1664 -1.337 -0.510755
1665 -1.336 -0.509812
1666 -1.335 -0.50887
1667 -1.334 -0.507929
1668 -1.333 -0.506988
1669 -1.332 -0.506048
1670 -1.331 -0.505109
1671 -1.33 -0.50417
1672 -1.329 -0.503233
1673 -1.328 -0.502296
1674 -1.327 -0.501359
1675 -1.326 -0.500424
1676 -1.325 -0.499489
1677 -1.324 -0.498555
1678 -1.323 -0.497622
1679 -1.322 -0.496689
1680 -1.321 -0.495757
1681 -1.32 -0.494826
1682 -1.319 -0.493896
1683 -1.318 -0.492966
1684 -1.317 -0.492038
1685 -1.316 -0.49111
1686 -1.315 -0.490182
1687 -1.314 -0.489256
1688 -1.313 -0.48833
1689 -1.312 -0.487405
1690 -1.311 -0.48648
1691 -1.31 -0.485557
1692 -1.309 -0.484634
1693 -1.308 -0.483712
1694 -1.307 -0.48279
1695 -1.306 -0.48187
1696 -1.305 -0.48095
1697 -1.304 -0.480031
1698 -1.303 -0.479112
1699 -1.302 -0.478195
1700 -1.301 -0.477278
1701 -1.3 -0.476361
1702 -1.299 -0.475446
1703 -1.298 -0.474531
1704 -1.297 -0.473618
1705 -1.296 -0.472704
1706 -1.295 -0.471792
1707 -1.294 -0.47088
1708 -1.293 -0.469969
1709 -1.292 -0.469059
1710 -1.291 -0.46815
1711 -1.29 -0.467241
1712 -1.289 -0.466333
1713 -1.288 -0.465426
1714 -1.287 -0.46452
1715 -1.286 -0.463614
1716 -1.285 -0.462709
1717 -1.284 -0.461805
1718 -1.283 -0.460901
1719 -1.282 -0.459999
1720 -1.281 -0.459097
1721 -1.28 -0.458195
1722 -1.279 -0.457295
1723 -1.278 -0.456395
1724 -1.277 -0.455496
1725 -1.276 -0.454598
1726 -1.275 -0.453701
1727 -1.274 -0.452804
1728 -1.273 -0.451908
1729 -1.272 -0.451013
1730 -1.271 -0.450119
1731 -1.27 -0.449225
1732 -1.269 -0.448332
1733 -1.268 -0.44744
1734 -1.267 -0.446548
1735 -1.266 -0.445658
1736 -1.265 -0.444768
1737 -1.264 -0.443879
1738 -1.263 -0.44299
1739 -1.262 -0.442103
1740 -1.261 -0.441216
1741 -1.26 -0.44033
1742 -1.259 -0.439444
1743 -1.258 -0.43856
1744 -1.257 -0.437676
1745 -1.256 -0.436793
1746 -1.255 -0.43591
1747 -1.254 -0.435029
1748 -1.253 -0.434148
1749 -1.252 -0.433268
1750 -1.251 -0.432388
1751 -1.25 -0.43151
1752 -1.249 -0.430632
1753 -1.248 -0.429755
1754 -1.247 -0.428879
1755 -1.246 -0.428003
1756 -1.245 -0.427128
1757 -1.244 -0.426254
1758 -1.243 -0.425381
1759 -1.242 -0.424508
1760 -1.241 -0.423637
1761 -1.24 -0.422766
1762 -1.239 -0.421895
1763 -1.238 -0.421026
1764 -1.237 -0.420157
1765 -1.236 -0.419289
1766 -1.235 -0.418422
1767 -1.234 -0.417555
1768 -1.233 -0.41669
1769 -1.232 -0.415825
1770 -1.231 -0.414961
1771 -1.23 -0.414097
1772 -1.229 -0.413234
1773 -1.228 -0.412372
1774 -1.227 -0.411511
1775 -1.226 -0.410651
1776 -1.225 -0.409791
1777 -1.224 -0.408932
1778 -1.223 -0.408074
1779 -1.222 -0.407217
1780 -1.221 -0.40636
1781 -1.22 -0.405505
1782 -1.219 -0.404649
1783 -1.218 -0.403795
1784 -1.217 -0.402942
1785 -1.216 -0.402089
1786 -1.215 -0.401237
1787 -1.214 -0.400386
1788 -1.213 -0.399535
1789 -1.212 -0.398685
1790 -1.211 -0.397836
1791 -1.21 -0.396988
1792 -1.209 -0.396141
1793 -1.208 -0.395294
1794 -1.207 -0.394448
1795 -1.206 -0.393603
1796 -1.205 -0.392759
1797 -1.204 -0.391915
1798 -1.203 -0.391072
1799 -1.202 -0.39023
1800 -1.201 -0.389389
1801 -1.2 -0.388548
1802 -1.199 -0.387708
1803 -1.198 -0.386869
1804 -1.197 -0.386031
1805 -1.196 -0.385193
1806 -1.195 -0.384357
1807 -1.194 -0.383521
1808 -1.193 -0.382685
1809 -1.192 -0.381851
1810 -1.191 -0.381017
1811 -1.19 -0.380184
1812 -1.189 -0.379352
1813 -1.188 -0.378521
1814 -1.187 -0.37769
1815 -1.186 -0.37686
1816 -1.185 -0.376031
1817 -1.184 -0.375203
1818 -1.183 -0.374376
1819 -1.182 -0.373549
1820 -1.181 -0.372723
1821 -1.18 -0.371898
1822 -1.179 -0.371073
1823 -1.178 -0.370249
1824 -1.177 -0.369426
1825 -1.176 -0.368604
1826 -1.175 -0.367783
1827 -1.174 -0.366962
1828 -1.173 -0.366142
1829 -1.172 -0.365323
1830 -1.171 -0.364505
1831 -1.17 -0.363687
1832 -1.169 -0.362871
1833 -1.168 -0.362055
1834 -1.167 -0.361239
1835 -1.166 -0.360425
1836 -1.165 -0.359611
1837 -1.164 -0.358798
1838 -1.163 -0.357986
1839 -1.162 -0.357175
1840 -1.161 -0.356364
1841 -1.16 -0.355555
1842 -1.159 -0.354745
1843 -1.158 -0.353937
1844 -1.157 -0.35313
1845 -1.156 -0.352323
1846 -1.155 -0.351517
1847 -1.154 -0.350712
1848 -1.153 -0.349907
1849 -1.152 -0.349104
1850 -1.151 -0.348301
1851 -1.15 -0.347499
1852 -1.149 -0.346698
1853 -1.148 -0.345897
1854 -1.147 -0.345097
1855 -1.146 -0.344298
1856 -1.145 -0.3435
1857 -1.144 -0.342703
1858 -1.143 -0.341906
1859 -1.142 -0.34111
1860 -1.141 -0.340315
1861 -1.14 -0.339521
1862 -1.139 -0.338727
1863 -1.138 -0.337934
1864 -1.137 -0.337142
1865 -1.136 -0.336351
1866 -1.135 -0.335561
1867 -1.134 -0.334771
1868 -1.133 -0.333982
1869 -1.132 -0.333194
1870 -1.131 -0.332407
1871 -1.13 -0.33162
1872 -1.129 -0.330834
1873 -1.128 -0.330049
1874 -1.127 -0.329265
1875 -1.126 -0.328481
1876 -1.125 -0.327699
1877 -1.124 -0.326917
1878 -1.123 -0.326136
1879 -1.122 -0.325356
1880 -1.121 -0.324576
1881 -1.12 -0.323797
1882 -1.119 -0.323019
1883 -1.118 -0.322242
1884 -1.117 -0.321466
1885 -1.116 -0.32069
1886 -1.115 -0.319915
1887 -1.114 -0.319141
1888 -1.113 -0.318368
1889 -1.112 -0.317595
1890 -1.111 -0.316823
1891 -1.11 -0.316052
1892 -1.109 -0.315282
1893 -1.108 -0.314513
1894 -1.107 -0.313744
1895 -1.106 -0.312976
1896 -1.105 -0.312209
1897 -1.104 -0.311443
1898 -1.103 -0.310678
1899 -1.102 -0.309913
1900 -1.101 -0.309149
1901 -1.1 -0.308386
1902 -1.099 -0.307624
1903 -1.098 -0.306862
1904 -1.097 -0.306101
1905 -1.096 -0.305341
1906 -1.095 -0.304582
1907 -1.094 -0.303824
1908 -1.093 -0.303066
1909 -1.092 -0.302309
1910 -1.091 -0.301553
1911 -1.09 -0.300798
1912 -1.089 -0.300043
1913 -1.088 -0.29929
1914 -1.087 -0.298537
1915 -1.086 -0.297785
1916 -1.085 -0.297033
1917 -1.084 -0.296283
1918 -1.083 -0.295533
1919 -1.082 -0.294784
1920 -1.081 -0.294036
1921 -1.08 -0.293288
1922 -1.079 -0.292542
1923 -1.078 -0.291796
1924 -1.077 -0.291051
1925 -1.076 -0.290307
1926 -1.075 -0.289563
1927 -1.074 -0.288821
1928 -1.073 -0.288079
1929 -1.072 -0.287338
1930 -1.071 -0.286597
1931 -1.07 -0.285858
1932 -1.069 -0.285119
1933 -1.068 -0.284381
1934 -1.067 -0.283644
1935 -1.066 -0.282908
1936 -1.065 -0.282172
1937 -1.064 -0.281437
1938 -1.063 -0.280703
1939 -1.062 -0.27997
1940 -1.061 -0.279238
1941 -1.06 -0.278506
1942 -1.059 -0.277775
1943 -1.058 -0.277045
1944 -1.057 -0.276316
1945 -1.056 -0.275588
1946 -1.055 -0.27486
1947 -1.054 -0.274133
1948 -1.053 -0.273407
1949 -1.052 -0.272682
1950 -1.051 -0.271958
1951 -1.05 -0.271234
1952 -1.049 -0.270511
1953 -1.048 -0.269789
1954 -1.047 -0.269068
1955 -1.046 -0.268347
1956 -1.045 -0.267627
1957 -1.044 -0.266909
1958 -1.043 -0.26619
1959 -1.042 -0.265473
1960 -1.041 -0.264757
1961 -1.04 -0.264041
1962 -1.039 -0.263326
1963 -1.038 -0.262612
1964 -1.037 -0.261899
1965 -1.036 -0.261186
1966 -1.035 -0.260474
1967 -1.034 -0.259763
1968 -1.033 -0.259053
1969 -1.032 -0.258344
1970 -1.031 -0.257635
1971 -1.03 -0.256928
1972 -1.029 -0.256221
1973 -1.028 -0.255515
1974 -1.027 -0.254809
1975 -1.026 -0.254105
1976 -1.025 -0.253401
1977 -1.024 -0.252698
1978 -1.023 -0.251996
1979 -1.022 -0.251295
1980 -1.021 -0.250594
1981 -1.02 -0.249894
1982 -1.019 -0.249195
1983 -1.018 -0.248497
1984 -1.017 -0.2478
1985 -1.016 -0.247103
1986 -1.015 -0.246408
1987 -1.014 -0.245713
1988 -1.013 -0.245019
1989 -1.012 -0.244325
1990 -1.011 -0.243633
1991 -1.01 -0.242941
1992 -1.009 -0.24225
1993 -1.008 -0.24156
1994 -1.007 -0.240871
1995 -1.006 -0.240182
1996 -1.005 -0.239494
1997 -1.004 -0.238808
1998 -1.003 -0.238121
1999 -1.002 -0.237436
2000 -1.001 -0.236752
2001 -1 -0.236068
2002 -0.999 -0.235385
2003 -0.998 -0.234703
2004 -0.997 -0.234022
2005 -0.996 -0.233341
2006 -0.995 -0.232662
2007 -0.994 -0.231983
2008 -0.993 -0.231305
2009 -0.992 -0.230628
2010 -0.991 -0.229951
2011 -0.99 -0.229275
2012 -0.989 -0.228601
2013 -0.988 -0.227927
2014 -0.987 -0.227253
2015 -0.986 -0.226581
2016 -0.985 -0.225909
2017 -0.984 -0.225239
2018 -0.983 -0.224569
2019 -0.982 -0.2239
2020 -0.981 -0.223231
2021 -0.98 -0.222564
2022 -0.979 -0.221897
2023 -0.978 -0.221231
2024 -0.977 -0.220566
2025 -0.976 -0.219902
2026 -0.975 -0.219238
2027 -0.974 -0.218575
2028 -0.973 -0.217913
2029 -0.972 -0.217252
2030 -0.971 -0.216592
2031 -0.97 -0.215933
2032 -0.969 -0.215274
2033 -0.968 -0.214616
2034 -0.967 -0.213959
2035 -0.966 -0.213303
2036 -0.965 -0.212648
2037 -0.964 -0.211993
2038 -0.963 -0.211339
2039 -0.962 -0.210686
2040 -0.961 -0.210034
2041 -0.96 -0.209383
2042 -0.959 -0.208733
2043 -0.958 -0.208083
2044 -0.957 -0.207434
2045 -0.956 -0.206786
2046 -0.955 -0.206139
2047 -0.954 -0.205492
2048 -0.953 -0.204847
2049 -0.952 -0.204202
2050 -0.951 -0.203558
2051 -0.95 -0.202915
2052 -0.949 -0.202272
2053 -0.948 -0.201631
2054 -0.947 -0.20099
2055 -0.946 -0.20035
2056 -0.945 -0.199711
2057 -0.944 -0.199073
2058 -0.943 -0.198435
2059 -0.942 -0.197799
2060 -0.941 -0.197163
2061 -0.94 -0.196528
2062 -0.939 -0.195894
2063 -0.938 -0.19526
2064 -0.937 -0.194628
2065 -0.936 -0.193996
2066 -0.935 -0.193365
2067 -0.934 -0.192735
2068 -0.933 -0.192106
2069 -0.932 -0.191477
2070 -0.931 -0.19085
2071 -0.93 -0.190223
2072 -0.929 -0.189597
2073 -0.928 -0.188972
2074 -0.927 -0.188347
2075 -0.926 -0.187724
2076 -0.925 -0.187101
2077 -0.924 -0.186479
2078 -0.923 -0.185858
2079 -0.922 -0.185238
2080 -0.921 -0.184619
2081 -0.92 -0.184
2082 -0.919 -0.183382
2083 -0.918 -0.182765
2084 -0.917 -0.182149
2085 -0.916 -0.181534
2086 -0.915 -0.180919
2087 -0.914 -0.180306
2088 -0.913 -0.179693
2089 -0.912 -0.179081
2090 -0.911 -0.17847
2091 -0.91 -0.177859
2092 -0.909 -0.17725
2093 -0.908 -0.176641
2094 -0.907 -0.176033
2095 -0.906 -0.175426
2096 -0.905 -0.17482
2097 -0.904 -0.174215
2098 -0.903 -0.17361
2099 -0.902 -0.173006
2100 -0.901 -0.172403
2101 -0.9 -0.171801
2102 -0.899 -0.1712
2103 -0.898 -0.170599
2104 -0.897 -0.17
2105 -0.896 -0.169401
2106 -0.895 -0.168803
2107 -0.894 -0.168206
2108 -0.893 -0.16761
2109 -0.892 -0.167014
2110 -0.891 -0.16642
2111 -0.89 -0.165826
2112 -0.889 -0.165233
2113 -0.888 -0.164641
2114 -0.887 -0.164049
2115 -0.886 -0.163459
2116 -0.885 -0.162869
2117 -0.884 -0.16228
2118 -0.883 -0.161692
2119 -0.882 -0.161105
2120 -0.881 -0.160519
2121 -0.88 -0.159933
2122 -0.879 -0.159349
2123 -0.878 -0.158765
2124 -0.877 -0.158182
2125 -0.876 -0.1576
2126 -0.875 -0.157018
2127 -0.874 -0.156438
2128 -0.873 -0.155858
2129 -0.872 -0.155279
2130 -0.871 -0.154701
2131 -0.87 -0.154124
2132 -0.869 -0.153548
2133 -0.868 -0.152972
2134 -0.867 -0.152398
2135 -0.866 -0.151824
2136 -0.865 -0.151251
2137 -0.864 -0.150679
2138 -0.863 -0.150107
2139 -0.862 -0.149537
2140 -0.861 -0.148967
2141 -0.86 -0.148398
2142 -0.859 -0.14783
2143 -0.858 -0.147263
2144 -0.857 -0.146697
2145 -0.856 -0.146131
2146 -0.855 -0.145567
2147 -0.854 -0.145003
2148 -0.853 -0.14444
2149 -0.852 -0.143878
2150 -0.851 -0.143317
2151 -0.85 -0.142756
2152 -0.849 -0.142196
2153 -0.848 -0.141638
2154 -0.847 -0.14108
2155 -0.846 -0.140523
2156 -0.845 -0.139966
2157 -0.844 -0.139411
2158 -0.843 -0.138856
2159 -0.842 -0.138303
2160 -0.841 -0.13775
2161 -0.84 -0.137198
2162 -0.839 -0.136647
2163 -0.838 -0.136096
2164 -0.837 -0.135547
2165 -0.836 -0.134998
2166 -0.835 -0.13445
2167 -0.834 -0.133903
2168 -0.833 -0.133357
2169 -0.832 -0.132812
2170 -0.831 -0.132267
2171 -0.83 -0.131724
2172 -0.829 -0.131181
2173 -0.828 -0.130639
2174 -0.827 -0.130098
2175 -0.826 -0.129558
2176 -0.825 -0.129018
2177 -0.824 -0.12848
2178 -0.823 -0.127942
2179 -0.822 -0.127405
2180 -0.821 -0.126869
2181 -0.82 -0.126334
2182 -0.819 -0.1258
2183 -0.818 -0.125266
2184 -0.817 -0.124734
2185 -0.816 -0.124202
2186 -0.815 -0.123671
2187 -0.814 -0.123141
2188 -0.813 -0.122612
2189 -0.812 -0.122083
2190 -0.811 -0.121556
2191 -0.81 -0.121029
2192 -0.809 -0.120503
2193 -0.808 -0.119978
2194 -0.807 -0.119454
2195 -0.806 -0.118931
2196 -0.805 -0.118408
2197 -0.804 -0.117887
2198 -0.803 -0.117366
2199 -0.802 -0.116846
2200 -0.801 -0.116327
2201 -0.8 -0.115809
2202 -0.799 -0.115292
2203 -0.798 -0.114775
2204 -0.797 -0.114259
2205 -0.796 -0.113745
2206 -0.795 -0.113231
2207 -0.794 -0.112718
2208 -0.793 -0.112205
2209 -0.792 -0.111694
2210 -0.791 -0.111183
2211 -0.79 -0.110674
2212 -0.789 -0.110165
2213 -0.788 -0.109657
2214 -0.787 -0.10915
2215 -0.786 -0.108644
2216 -0.785 -0.108138
2217 -0.784 -0.107634
2218 -0.783 -0.10713
2219 -0.782 -0.106627
2220 -0.781 -0.106125
2221 -0.78 -0.105624
2222 -0.779 -0.105124
2223 -0.778 -0.104625
2224 -0.777 -0.104126
2225 -0.776 -0.103628
2226 -0.775 -0.103131
2227 -0.774 -0.102636
2228 -0.773 -0.10214
2229 -0.772 -0.101646
2230 -0.771 -0.101153
2231 -0.77 -0.10066
2232 -0.769 -0.100169
2233 -0.768 -0.0996777
2234 -0.767 -0.0991878
2235 -0.766 -0.0986987
2236 -0.765 -0.0982104
2237 -0.764 -0.0977231
2238 -0.763 -0.0972365
2239 -0.762 -0.0967509
2240 -0.761 -0.0962661
2241 -0.76 -0.0957822
2242 -0.759 -0.0952991
2243 -0.758 -0.0948169
2244 -0.757 -0.0943355
2245 -0.756 -0.093855
2246 -0.755 -0.0933754
2247 -0.754 -0.0928967
2248 -0.753 -0.0924188
2249 -0.752 -0.0919417
2250 -0.751 -0.0914656
2251 -0.75 -0.0909903
2252 -0.749 -0.0905158
2253 -0.748 -0.0900422
2254 -0.747 -0.0895695
2255 -0.746 -0.0890977
2256 -0.745 -0.0886267
2257 -0.744 -0.0881566
2258 -0.743 -0.0876873
2259 -0.742 -0.0872189
2260 -0.741 -0.0867514
2261 -0.74 -0.0862848
2262 -0.739 -0.085819
2263 -0.738 -0.0853541
2264 -0.737 -0.08489
2265 -0.736 -0.0844268
2266 -0.735 -0.0839645
2267 -0.734 -0.0835031
2268 -0.733 -0.0830425
2269 -0.732 -0.0825828
2270 -0.731 -0.082124
2271 -0.73 -0.081666
2272 -0.729 -0.0812089
2273 -0.728 -0.0807526
2274 -0.727 -0.0802973
2275 -0.726 -0.0798428
2276 -0.725 -0.0793892
2277 -0.724 -0.0789364
2278 -0.723 -0.0784845
2279 -0.722 -0.0780335
2280 -0.721 -0.0775834
2281 -0.72 -0.0771341
2282 -0.719 -0.0766857
2283 -0.718 -0.0762382
2284 -0.717 -0.0757916
2285 -0.716 -0.0753458
2286 -0.715 -0.0749009
2287 -0.714 -0.0744569
2288 -0.713 -0.0740137
2289 -0.712 -0.0735715
2290 -0.711 -0.07313
2291 -0.71 -0.0726895
2292 -0.709 -0.0722499
2293 -0.708 -0.0718111
2294 -0.707 -0.0713732
2295 -0.706 -0.0709362
2296 -0.705 -0.0705
2297 -0.704 -0.0700647
2298 -0.703 -0.0696303
2299 -0.702 -0.0691968
2300 -0.701 -0.0687642
2301 -0.7 -0.0683324
2302 -0.699 -0.0679015
2303 -0.698 -0.0674715
2304 -0.697 -0.0670423
2305 -0.696 -0.0666141
2306 -0.695 -0.0661867
2307 -0.694 -0.0657602
2308 -0.693 -0.0653346
2309 -0.692 -0.0649099
2310 -0.691 -0.064486
2311 -0.69 -0.064063
2312 -0.689 -0.0636409
2313 -0.688 -0.0632197
2314 -0.687 -0.0627994
2315 -0.686 -0.0623799
2316 -0.685 -0.0619613
2317 -0.684 -0.0615436
2318 -0.683 -0.0611268
2319 -0.682 -0.0607109
2320 -0.681 -0.0602958
2321 -0.68 -0.0598817
2322 -0.679 -0.0594684
2323 -0.678 -0.059056
2324 -0.677 -0.0586445
2325 -0.676 -0.0582339
2326 -0.675 -0.0578241
2327 -0.674 -0.0574153
2328 -0.673 -0.0570073
2329 -0.672 -0.0566002
2330 -0.671 -0.056194
2331 -0.67 -0.0557887
2332 -0.669 -0.0553842
2333 -0.668 -0.0549807
2334 -0.667 -0.054578
2335 -0.666 -0.0541762
2336 -0.665 -0.0537754
2337 -0.664 -0.0533754
2338 -0.663 -0.0529762
2339 -0.662 -0.052578
2340 -0.661 -0.0521807
2341 -0.66 -0.0517842
2342 -0.659 -0.0513887
2343 -0.658 -0.050994
2344 -0.657 -0.0506002
2345 -0.656 -0.0502073
2346 -0.655 -0.0498153
2347 -0.654 -0.0494242
2348 -0.653 -0.049034
2349 -0.652 -0.0486447
2350 -0.651 -0.0482562
2351 -0.65 -0.0478687
2352 -0.649 -0.047482
2353 -0.648 -0.0470963
2354 -0.647 -0.0467114
2355 -0.646 -0.0463274
2356 -0.645 -0.0459443
2357 -0.644 -0.0455621
2358 -0.643 -0.0451808
2359 -0.642 -0.0448004
2360 -0.641 -0.0444209
2361 -0.64 -0.0440423
2362 -0.639 -0.0436646
2363 -0.638 -0.0432877
2364 -0.637 -0.0429118
2365 -0.636 -0.0425368
2366 -0.635 -0.0421626
2367 -0.634 -0.0417894
2368 -0.633 -0.041417
2369 -0.632 -0.0410456
2370 -0.631 -0.040675
2371 -0.63 -0.0403053
2372 -0.629 -0.0399366
2373 -0.628 -0.0395687
2374 -0.627 -0.0392017
2375 -0.626 -0.0388357
2376 -0.625 -0.0384705
2377 -0.624 -0.0381062
2378 -0.623 -0.0377429
2379 -0.622 -0.0373804
2380 -0.621 -0.0370188
2381 -0.62 -0.0366581
2382 -0.619 -0.0362984
2383 -0.618 -0.0359395
2384 -0.617 -0.0355815
2385 -0.616 -0.0352244
2386 -0.615 -0.0348683
2387 -0.614 -0.034513
2388 -0.613 -0.0341586
2389 -0.612 -0.0338052
2390 -0.611 -0.0334526
2391 -0.61 -0.033101
2392 -0.609 -0.0327502
2393 -0.608 -0.0324003
2394 -0.607 -0.0320514
2395 -0.606 -0.0317034
2396 -0.605 -0.0313562
2397 -0.604 -0.03101
2398 -0.603 -0.0306646
2399 -0.602 -0.0303202
2400 -0.601 -0.0299767
2401 -0.6 -0.0296341
2402 -0.599 -0.0292924
2403 -0.598 -0.0289516
2404 -0.597 -0.0286117
2405 -0.596 -0.0282727
2406 -0.595 -0.0279346
2407 -0.594 -0.0275975
2408 -0.593 -0.0272612
2409 -0.592 -0.0269258
2410 -0.591 -0.0265914
2411 -0.59 -0.0262578
2412 -0.589 -0.0259252
2413 -0.588 -0.0255935
2414 -0.587 -0.0252627
2415 -0.586 -0.0249328
2416 -0.585 -0.0246038
2417 -0.584 -0.0242757
2418 -0.583 -0.0239486
2419 -0.582 -0.0236223
2420 -0.581 -0.023297
2421 -0.58 -0.0229725
2422 -0.579 -0.022649
2423 -0.578 -0.0223264
2424 -0.577 -0.0220047
2425 -0.576 -0.0216839
2426 -0.575 -0.0213641
2427 -0.574 -0.0210451
2428 -0.573 -0.0207271
2429 -0.572 -0.0204099
2430 -0.571 -0.0200937
2431 -0.57 -0.0197784
2432 -0.569 -0.019464
2433 -0.568 -0.0191506
2434 -0.567 -0.018838
2435 -0.566 -0.0185264
2436 -0.565 -0.0182157
2437 -0.564 -0.0179059
2438 -0.563 -0.017597
2439 -0.562 -0.017289
2440 -0.561 -0.016982
2441 -0.56 -0.0166759
2442 -0.559 -0.0163706
2443 -0.558 -0.0160664
2444 -0.557 -0.015763
2445 -0.556 -0.0154605
2446 -0.555 -0.015159
2447 -0.554 -0.0148584
2448 -0.553 -0.0145587
2449 -0.552 -0.0142599
2450 -0.551 -0.0139621
2451 -0.55 -0.0136651
2452 -0.549 -0.0133691
2453 -0.548 -0.013074
2454 -0.547 -0.0127799
2455 -0.546 -0.0124866
2456 -0.545 -0.0121943
2457 -0.544 -0.0119029
2458 -0.543 -0.0116124
2459 -0.542 -0.0113229
2460 -0.541 -0.0110342
2461 -0.54 -0.0107465
2462 -0.539 -0.0104598
2463 -0.538 -0.0101739
2464 -0.537 -0.00988897
2465 -0.536 -0.00960497
2466 -0.535 -0.00932189
2467 -0.534 -0.00903974
2468 -0.533 -0.00875852
2469 -0.532 -0.00847822
2470 -0.531 -0.00819885
2471 -0.53 -0.00792041
2472 -0.529 -0.00764289
2473 -0.528 -0.00736631
2474 -0.527 -0.00709065
2475 -0.526 -0.00681592
2476 -0.525 -0.00654212
2477 -0.524 -0.00626925
2478 -0.523 -0.00599731
2479 -0.522 -0.0057263
2480 -0.521 -0.00545621
2481 -0.52 -0.00518706
2482 -0.519 -0.00491885
2483 -0.518 -0.00465156
2484 -0.517 -0.0043852
2485 -0.516 -0.00411978
2486 -0.515 -0.00385528
2487 -0.514 -0.00359173
2488 -0.513 -0.0033291
2489 -0.512 -0.00306741
2490 -0.511 -0.00280665
2491 -0.51 -0.00254682
2492 -0.509 -0.00228793
2493 -0.508 -0.00202997
2494 -0.507 -0.00177295
2495 -0.506 -0.00151686
2496 -0.505 -0.00126171
2497 -0.504 -0.0010075
2498 -0.503 -0.000754217
2499 -0.502 -0.000501875
2500 -0.501 -0.000250469
2501 -0.5 -5.4845e-014
2502 -0.499 0.000249531
2503 -0.498 0.000498125
2504 -0.497 0.00074578
2505 -0.496 0.000992496
2506 -0.495 0.00123827
2507 -0.494 0.00148311
2508 -0.493 0.00172701
2509 -0.492 0.00196997
2510 -0.491 0.00221199
2511 -0.49 0.00245307
2512 -0.489 0.00269321
2513 -0.488 0.00293241
2514 -0.487 0.00317066
2515 -0.486 0.00340797
2516 -0.485 0.00364435
2517 -0.484 0.00387978
2518 -0.483 0.00411426
2519 -0.482 0.0043478
2520 -0.481 0.0045804
2521 -0.48 0.00481206
2522 -0.479 0.00504277
2523 -0.478 0.00527254
2524 -0.477 0.00550136
2525 -0.476 0.00572924
2526 -0.475 0.00595617
2527 -0.474 0.00618216
2528 -0.473 0.0064072
2529 -0.472 0.00663129
2530 -0.471 0.00685444
2531 -0.47 0.00707664
2532 -0.469 0.00729789
2533 -0.468 0.00751819
2534 -0.467 0.00773755
2535 -0.466 0.00795596
2536 -0.465 0.00817342
2537 -0.464 0.00838993
2538 -0.463 0.00860549
2539 -0.462 0.0088201
2540 -0.461 0.00903376
2541 -0.46 0.00924647
2542 -0.459 0.00945822
2543 -0.458 0.00966903
2544 -0.457 0.00987889
2545 -0.456 0.0100878
2546 -0.455 0.0102957
2547 -0.454 0.0105027
2548 -0.453 0.0107088
2549 -0.452 0.0109139
2550 -0.451 0.011118
2551 -0.45 0.0113212
2552 -0.449 0.0115234
2553 -0.448 0.0117247
2554 -0.447 0.011925
2555 -0.446 0.0121244
2556 -0.445 0.0123228
2557 -0.444 0.0125203
2558 -0.443 0.0127168
2559 -0.442 0.0129123
2560 -0.441 0.0131069
2561 -0.44 0.0133005
2562 -0.439 0.0134932
2563 -0.438 0.0136849
2564 -0.437 0.0138756
2565 -0.436 0.0140654
2566 -0.435 0.0142543
2567 -0.434 0.0144421
2568 -0.433 0.0146291
2569 -0.432 0.014815
2570 -0.431 0.015
2571 -0.43 0.015184
2572 -0.429 0.0153671
2573 -0.428 0.0155492
2574 -0.427 0.0157304
2575 -0.426 0.0159106
2576 -0.425 0.0160898
2577 -0.424 0.016268
2578 -0.423 0.0164453
2579 -0.422 0.0166217
2580 -0.421 0.016797
2581 -0.42 0.0169714
2582 -0.419 0.0171449
2583 -0.418 0.0173174
2584 -0.417 0.0174889
2585 -0.416 0.0176594
2586 -0.415 0.017829
2587 -0.414 0.0179976
2588 -0.413 0.0181652
2589 -0.412 0.0183319
2590 -0.411 0.0184976
2591 -0.41 0.0186624
2592 -0.409 0.0188261
2593 -0.408 0.0189889
2594 -0.407 0.0191508
2595 -0.406 0.0193116
2596 -0.405 0.0194715
2597 -0.404 0.0196305
2598 -0.403 0.0197884
2599 -0.402 0.0199454
2600 -0.401 0.0201014
2601 -0.4 0.0202565
2602 -0.399 0.0204105
2603 -0.398 0.0205636
2604 -0.397 0.0207157
2605 -0.396 0.0208669
2606 -0.395 0.0210171
2607 -0.394 0.0211663
2608 -0.393 0.0213145
2609 -0.392 0.0214618
2610 -0.391 0.021608
2611 -0.39 0.0217533
2612 -0.389 0.0218977
2613 -0.388 0.022041
2614 -0.387 0.0221834
2615 -0.386 0.0223248
2616 -0.385 0.0224652
2617 -0.384 0.0226047
2618 -0.383 0.0227431
2619 -0.382 0.0228806
2620 -0.381 0.0230171
2621 -0.38 0.0231527
2622 -0.379 0.0232872
2623 -0.378 0.0234208
2624 -0.377 0.0235534
2625 -0.376 0.023685
2626 -0.375 0.0238156
2627 -0.374 0.0239453
2628 -0.373 0.0240739
2629 -0.372 0.0242016
2630 -0.371 0.0243283
2631 -0.37 0.0244541
2632 -0.369 0.0245788
2633 -0.368 0.0247025
2634 -0.367 0.0248253
2635 -0.366 0.0249471
2636 -0.365 0.0250679
2637 -0.364 0.0251877
2638 -0.363 0.0253066
2639 -0.362 0.0254244
2640 -0.361 0.0255413
2641 -0.36 0.0256571
2642 -0.359 0.025772
2643 -0.358 0.0258859
2644 -0.357 0.0259988
2645 -0.356 0.0261108
2646 -0.355 0.0262217
2647 -0.354 0.0263317
2648 -0.353 0.0264406
2649 -0.352 0.0265486
2650 -0.351 0.0266556
2651 -0.35 0.0267616
2652 -0.349 0.0268666
2653 -0.348 0.0269706
2654 -0.347 0.0270736
2655 -0.346 0.0271756
2656 -0.345 0.0272766
2657 -0.344 0.0273767
2658 -0.343 0.0274757
2659 -0.342 0.0275738
2660 -0.341 0.0276708
2661 -0.34 0.0277669
2662 -0.339 0.027862
2663 -0.338 0.0279561
2664 -0.337 0.0280491
2665 -0.336 0.0281412
2666 -0.335 0.0282323
2667 -0.334 0.0283224
2668 -0.333 0.0284115
2669 -0.332 0.0284996
2670 -0.331 0.0285867
2671 -0.33 0.0286728
2672 -0.329 0.0287579
2673 -0.328 0.028842
2674 -0.327 0.0289252
2675 -0.326 0.0290073
2676 -0.325 0.0290884
2677 -0.324 0.0291685
2678 -0.323 0.0292476
2679 -0.322 0.0293257
2680 -0.321 0.0294028
2681 -0.32 0.0294789
2682 -0.319 0.029554
2683 -0.318 0.0296281
2684 -0.317 0.0297012
2685 -0.316 0.0297733
2686 -0.315 0.0298444
2687 -0.314 0.0299145
2688 -0.313 0.0299836
2689 -0.312 0.0300516
2690 -0.311 0.0301187
2691 -0.31 0.0301848
2692 -0.309 0.0302498
2693 -0.308 0.0303139
2694 -0.307 0.0303769
2695 -0.306 0.030439
2696 -0.305 0.0305
2697 -0.304 0.03056
2698 -0.303 0.030619
2699 -0.302 0.030677
2700 -0.301 0.030734
2701 -0.3 0.03079
2702 -0.299 0.030845
2703 -0.298 0.030899
2704 -0.297 0.0309519
2705 -0.296 0.0310039
2706 -0.295 0.0310548
2707 -0.294 0.0311047
2708 -0.293 0.0311536
2709 -0.292 0.0312015
2710 -0.291 0.0312484
2711 -0.29 0.0312943
2712 -0.289 0.0313391
2713 -0.288 0.0313829
2714 -0.287 0.0314258
2715 -0.286 0.0314676
2716 -0.285 0.0315084
2717 -0.284 0.0315481
2718 -0.283 0.0315869
2719 -0.282 0.0316246
2720 -0.281 0.0316614
2721 -0.28 0.0316971
2722 -0.279 0.0317317
2723 -0.278 0.0317654
2724 -0.277 0.0317981
2725 -0.276 0.0318297
2726 -0.275 0.0318603
2727 -0.274 0.0318899
2728 -0.273 0.0319185
2729 -0.272 0.031946
2730 -0.271 0.0319725
2731 -0.27 0.031998
2732 -0.269 0.0320225
2733 -0.268 0.032046
2734 -0.267 0.0320684
2735 -0.266 0.0320898
2736 -0.265 0.0321102
2737 -0.264 0.0321296
2738 -0.263 0.0321479
2739 -0.262 0.0321652
2740 -0.261 0.0321815
2741 -0.26 0.0321968
2742 -0.259 0.032211
2743 -0.258 0.0322242
2744 -0.257 0.0322364
2745 -0.256 0.0322475
2746 -0.255 0.0322577
2747 -0.254 0.0322667
2748 -0.253 0.0322748
2749 -0.252 0.0322818
2750 -0.251 0.0322879
2751 -0.25 0.0322928
2752 -0.249 0.0322968
2753 -0.248 0.0322997
2754 -0.247 0.0323016
2755 -0.246 0.0323024
2756 -0.245 0.0323022
2757 -0.244 0.032301
2758 -0.243 0.0322988
2759 -0.242 0.0322955
2760 -0.241 0.0322912
2761 -0.24 0.0322858
2762 -0.239 0.0322794
2763 -0.238 0.032272
2764 -0.237 0.0322635
2765 -0.236 0.032254
2766 -0.235 0.0322435
2767 -0.234 0.0322319
2768 -0.233 0.0322193
2769 -0.232 0.0322057
2770 -0.231 0.032191
2771 -0.23 0.0321753
2772 -0.229 0.0321585
2773 -0.228 0.0321407
2774 -0.227 0.0321219
2775 -0.226 0.032102
2776 -0.225 0.032081
2777 -0.224 0.0320591
2778 -0.223 0.0320361
2779 -0.222 0.032012
2780 -0.221 0.0319869
2781 -0.22 0.0319608
2782 -0.219 0.0319336
2783 -0.218 0.0319054
2784 -0.217 0.0318761
2785 -0.216 0.0318458
2786 -0.215 0.0318144
2787 -0.214 0.031782
2788 -0.213 0.0317486
2789 -0.212 0.0317141
2790 -0.211 0.0316785
2791 -0.21 0.0316419
2792 -0.209 0.0316043
2793 -0.208 0.0315656
2794 -0.207 0.0315258
2795 -0.206 0.031485
2796 -0.205 0.0314432
2797 -0.204 0.0314003
2798 -0.203 0.0313564
2799 -0.202 0.0313114
2800 -0.201 0.0312653
2801 -0.2 0.0312182
2802 -0.199 0.0311701
2803 -0.198 0.0311209
2804 -0.197 0.0310706
2805 -0.196 0.0310193
2806 -0.195 0.0309669
2807 -0.194 0.0309135
2808 -0.193 0.030859
2809 -0.192 0.0308035
2810 -0.191 0.0307469
2811 -0.19 0.0306893
2812 -0.189 0.0306305
2813 -0.188 0.0305708
2814 -0.187 0.03051
2815 -0.186 0.0304481
2816 -0.185 0.0303851
2817 -0.184 0.0303211
2818 -0.183 0.0302561
2819 -0.182 0.03019
2820 -0.181 0.0301228
2821 -0.18 0.0300545
2822 -0.179 0.0299852
2823 -0.178 0.0299149
2824 -0.177 0.0298435
2825 -0.176 0.029771
2826 -0.175 0.0296974
2827 -0.174 0.0296228
2828 -0.173 0.0295471
2829 -0.172 0.0294704
2830 -0.171 0.0293925
2831 -0.17 0.0293137
2832 -0.169 0.0292337
2833 -0.168 0.0291527
2834 -0.167 0.0290706
2835 -0.166 0.0289875
2836 -0.165 0.0289033
2837 -0.164 0.028818
2838 -0.163 0.0287316
2839 -0.162 0.0286442
2840 -0.161 0.0285557
2841 -0.16 0.0284661
2842 -0.159 0.0283755
2843 -0.158 0.0282838
2844 -0.157 0.028191
2845 -0.156 0.0280971
2846 -0.155 0.0280022
2847 -0.154 0.0279062
2848 -0.153 0.0278091
2849 -0.152 0.027711
2850 -0.151 0.0276118
2851 -0.15 0.0275115
2852 -0.149 0.0274101
2853 -0.148 0.0273076
2854 -0.147 0.0272041
2855 -0.146 0.0270995
2856 -0.145 0.0269938
2857 -0.144 0.0268871
2858 -0.143 0.0267792
2859 -0.142 0.0266703
2860 -0.141 0.0265603
2861 -0.14 0.0264492
2862 -0.139 0.0263371
2863 -0.138 0.0262238
2864 -0.137 0.0261095
2865 -0.136 0.0259941
2866 -0.135 0.0258776
2867 -0.134 0.02576
2868 -0.133 0.0256414
2869 -0.132 0.0255216
2870 -0.131 0.0254008
2871 -0.13 0.0252789
2872 -0.129 0.0251559
2873 -0.128 0.0250318
2874 -0.127 0.0249066
2875 -0.126 0.0247804
2876 -0.125 0.024653
2877 -0.124 0.0245246
2878 -0.123 0.0243951
2879 -0.122 0.0242645
2880 -0.121 0.0241328
2881 -0.12 0.024
2882 -0.119 0.0238661
2883 -0.118 0.0237312
2884 -0.117 0.0235951
2885 -0.116 0.0234579
2886 -0.115 0.0233197
2887 -0.114 0.0231804
2888 -0.113 0.0230399
2889 -0.112 0.0228984
2890 -0.111 0.0227558
2891 -0.11 0.0226121
2892 -0.109 0.0224672
2893 -0.108 0.0223213
2894 -0.107 0.0221743
2895 -0.106 0.0220262
2896 -0.105 0.021877
2897 -0.104 0.0217267
2898 -0.103 0.0215753
2899 -0.102 0.0214228
2900 -0.101 0.0212693
2901 -0.1 0.0211146
2902 -0.099 0.0209588
2903 -0.098 0.0208019
2904 -0.097 0.0206439
2905 -0.096 0.0204848
2906 -0.095 0.0203246
2907 -0.094 0.0201633
2908 -0.093 0.0200009
2909 -0.092 0.0198373
2910 -0.091 0.0196727
2911 -0.09 0.019507
2912 -0.089 0.0193402
2913 -0.088 0.0191722
2914 -0.087 0.0190032
2915 -0.086 0.0188331
2916 -0.085 0.0186618
2917 -0.084 0.0184894
2918 -0.083 0.018316
2919 -0.082 0.0181414
2920 -0.081 0.0179657
2921 -0.08 0.0177889
2922 -0.079 0.017611
2923 -0.078 0.017432
2924 -0.077 0.0172518
2925 -0.076 0.0170706
2926 -0.075 0.0168882
2927 -0.074 0.0167047
2928 -0.073 0.0165201
2929 -0.072 0.0163344
2930 -0.071 0.0161476
2931 -0.07 0.0159597
2932 -0.069 0.0157706
2933 -0.068 0.0155805
2934 -0.067 0.0153892
2935 -0.066 0.0151968
2936 -0.065 0.0150033
2937 -0.064 0.0148086
2938 -0.063 0.0146129
2939 -0.062 0.014416
2940 -0.061 0.014218
2941 -0.06 0.0140189
2942 -0.059 0.0138186
2943 -0.058 0.0136173
2944 -0.057 0.0134148
2945 -0.056 0.0132112
2946 -0.055 0.0130064
2947 -0.054 0.0128006
2948 -0.053 0.0125936
2949 -0.052 0.0123855
2950 -0.051 0.0121763
2951 -0.05 0.0119659
2952 -0.049 0.0117544
2953 -0.048 0.0115418
2954 -0.047 0.0113281
2955 -0.046 0.0111132
2956 -0.045 0.0108972
2957 -0.044 0.0106801
2958 -0.043 0.0104618
2959 -0.042 0.0102425
2960 -0.041 0.0100219
2961 -0.04 0.00980028
2962 -0.039 0.0095775
2963 -0.038 0.00935359
2964 -0.037 0.00912854
2965 -0.036 0.00890236
2966 -0.035 0.00867505
2967 -0.034 0.0084466
2968 -0.033 0.00821701
2969 -0.032 0.00798629
2970 -0.031 0.00775443
2971 -0.03 0.00752143
2972 -0.029 0.0072873
2973 -0.028 0.00705203
2974 -0.027 0.00681562
2975 -0.026 0.00657807
2976 -0.025 0.00633938
2977 -0.024 0.00609955
2978 -0.023 0.00585858
2979 -0.022 0.00561646
2980 -0.021 0.00537321
2981 -0.02 0.00512881
2982 -0.019 0.00488327
2983 -0.018 0.00463658
2984 -0.017 0.00438875
2985 -0.016 0.00413978
2986 -0.015 0.00388966
2987 -0.014 0.00363839
2988 -0.013 0.00338598
2989 -0.012 0.00313242
2990 -0.011 0.00287771
2991 -0.01 0.00262185
2992 -0.009 0.00236485
2993 -0.008 0.00210669
2994 -0.007 0.00184739
2995 -0.006 0.00158693
2996 -0.005 0.00132532
2997 -0.004 0.00106257
2998 -0.003 0.000798654
2999 -0.002 0.00053359
3000 -0.001 0.000267372
3001 -2.19387e-013 5.87846e-014
3002 0.001 -0.000268527
3003 0.002 -0.000538209
3004 0.003 -0.000809046
3005 0.004 -0.00108104
3006 0.005 -0.00135419
3007 0.006 -0.0016285
3008 0.007 -0.00190397
3009 0.008 -0.00218059
3010 0.009 -0.00245838
3011 0.01 -0.00273732
3012 0.011 -0.00301743
3013 0.012 -0.0032987
3014 0.013 -0.00358112
3015 0.014 -0.00386471
3016 0.015 -0.00414947
3017 0.016 -0.00443539
3018 0.017 -0.00472247
3019 0.018 -0.00501071
3020 0.019 -0.00530012
3021 0.02 -0.0055907
3022 0.021 -0.00588244
3023 0.022 -0.00617535
3024 0.023 -0.00646943
3025 0.024 -0.00676468
3026 0.025 -0.00706109
3027 0.026 -0.00735867
3028 0.027 -0.00765743
3029 0.028 -0.00795735
3030 0.029 -0.00825845
3031 0.03 -0.00856072
3032 0.031 -0.00886416
3033 0.032 -0.00916877
3034 0.033 -0.00947455
3035 0.034 -0.00978151
3036 0.035 -0.0100897
3037 0.036 -0.010399
3038 0.037 -0.0107094
3039 0.038 -0.0110211
3040 0.039 -0.011334
3041 0.04 -0.011648
3042 0.041 -0.0119632
3043 0.042 -0.0122795
3044 0.043 -0.0125971
3045 0.044 -0.0129158
3046 0.045 -0.0132358
3047 0.046 -0.0135568
3048 0.047 -0.0138791
3049 0.048 -0.0142026
3050 0.049 -0.0145272
3051 0.05 -0.0148531
3052 0.051 -0.0151801
3053 0.052 -0.0155083
3054 0.053 -0.0158377
3055 0.054 -0.0161682
3056 0.055 -0.0165
3057 0.056 -0.0168329
3058 0.057 -0.0171671
3059 0.058 -0.0175024
3060 0.059 -0.0178389
3061 0.06 -0.0181766
3062 0.061 -0.0185155
3063 0.062 -0.0188556
3064 0.063 -0.0191969
3065 0.064 -0.0195394
3066 0.065 -0.019883
3067 0.066 -0.0202279
3068 0.067 -0.0205739
3069 0.068 -0.0209212
3070 0.069 -0.0212696
3071 0.07 -0.0216193
3072 0.071 -0.0219701
3073 0.072 -0.0223221
3074 0.073 -0.0226754
3075 0.074 -0.0230298
3076 0.075 -0.0233854
3077 0.076 -0.0237423
3078 0.077 -0.0241003
3079 0.078 -0.0244595
3080 0.079 -0.02482
3081 0.08 -0.0251816
3082 0.081 -0.0255444
3083 0.082 -0.0259085
3084 0.083 -0.0262737
3085 0.084 -0.0266402
3086 0.085 -0.0270079
3087 0.086 -0.0273767
3088 0.087 -0.0277468
3089 0.088 -0.0281181
3090 0.089 -0.0284906
3091 0.09 -0.0288643
3092 0.091 -0.0292392
3093 0.092 -0.0296153
3094 0.093 -0.0299927
3095 0.094 -0.0303712
3096 0.095 -0.030751
3097 0.096 -0.031132
3098 0.097 -0.0315141
3099 0.098 -0.0318975
3100 0.099 -0.0322822
3101 0.1 -0.032668
3102 0.101 -0.033055
3103 0.102 -0.0334433
3104 0.103 -0.0338328
3105 0.104 -0.0342235
3106 0.105 -0.0346154
3107 0.106 -0.0350086
3108 0.107 -0.0354029
3109 0.108 -0.0357985
3110 0.109 -0.0361953
3111 0.11 -0.0365933
3112 0.111 -0.0369926
3113 0.112 -0.0373931
3114 0.113 -0.0377948
3115 0.114 -0.0381977
3116 0.115 -0.0386019
3117 0.116 -0.0390072
3118 0.117 -0.0394138
3119 0.118 -0.0398217
3120 0.119 -0.0402307
3121 0.12 -0.040641
3122 0.121 -0.0410525
3123 0.122 -0.0414653
3124 0.123 -0.0418793
3125 0.124 -0.0422945
3126 0.125 -0.042711
3127 0.126 -0.0431286
3128 0.127 -0.0435475
3129 0.128 -0.0439677
3130 0.129 -0.0443891
3131 0.13 -0.0448117
3132 0.131 -0.0452356
3133 0.132 -0.0456607
3134 0.133 -0.046087
3135 0.134 -0.0465146
3136 0.135 -0.0469434
3137 0.136 -0.0473734
3138 0.137 -0.0478047
3139 0.138 -0.0482373
3140 0.139 -0.0486711
3141 0.14 -0.0491061
3142 0.141 -0.0495424
3143 0.142 -0.0499799
3144 0.143 -0.0504186
3145 0.144 -0.0508586
3146 0.145 -0.0512999
3147 0.146 -0.0517424
3148 0.147 -0.0521861
3149 0.148 -0.0526311
3150 0.149 -0.0530774
3151 0.15 -0.0535248
3152 0.151 -0.0539736
3153 0.152 -0.0544236
3154 0.153 -0.0548748
3155 0.154 -0.0553273
3156 0.155 -0.0557811
3157 0.156 -0.0562361
3158 0.157 -0.0566924
3159 0.158 -0.0571499
3160 0.159 -0.0576087
3161 0.16 -0.0580687
3162 0.161 -0.05853
3163 0.162 -0.0589926
3164 0.163 -0.0594564
3165 0.164 -0.0599214
3166 0.165 -0.0603878
3167 0.166 -0.0608554
3168 0.167 -0.0613242
3169 0.168 -0.0617944
3170 0.169 -0.0622657
3171 0.17 -0.0627384
3172 0.171 -0.0632123
3173 0.172 -0.0636875
3174 0.173 -0.0641639
3175 0.174 -0.0646417
3176 0.175 -0.0651206
3177 0.176 -0.0656009
3178 0.177 -0.0660824
3179 0.178 -0.0665652
3180 0.179 -0.0670493
3181 0.18 -0.0675346
3182 0.181 -0.0680212
3183 0.182 -0.0685091
3184 0.183 -0.0689983
3185 0.184 -0.0694887
3186 0.185 -0.0699804
3187 0.186 -0.0704734
3188 0.187 -0.0709677
3189 0.188 -0.0714632
3190 0.189 -0.07196
3191 0.19 -0.0724581
3192 0.191 -0.0729575
3193 0.192 -0.0734582
3194 0.193 -0.0739601
3195 0.194 -0.0744633
3196 0.195 -0.0749679
3197 0.196 -0.0754737
3198 0.197 -0.0759807
3199 0.198 -0.0764891
3200 0.199 -0.0769988
3201 0.2 -0.0775097
3202 0.201 -0.0780219
3203 0.202 -0.0785354
3204 0.203 -0.0790502
3205 0.204 -0.0795663
3206 0.205 -0.0800837
3207 0.206 -0.0806024
3208 0.207 -0.0811224
3209 0.208 -0.0816436
3210 0.209 -0.0821662
3211 0.21 -0.0826901
3212 0.211 -0.0832152
3213 0.212 -0.0837417
3214 0.213 -0.0842694
3215 0.214 -0.0847984
3216 0.215 -0.0853288
3217 0.216 -0.0858604
3218 0.217 -0.0863934
3219 0.218 -0.0869276
3220 0.219 -0.0874632
3221 0.22 -0.088
3222 0.221 -0.0885382
3223 0.222 -0.0890776
3224 0.223 -0.0896184
3225 0.224 -0.0901604
3226 0.225 -0.0907038
3227 0.226 -0.0912485
3228 0.227 -0.0917945
3229 0.228 -0.0923418
3230 0.229 -0.0928904
3231 0.23 -0.0934403
3232 0.231 -0.0939916
3233 0.232 -0.0945441
3234 0.233 -0.095098
3235 0.234 -0.0956531
3236 0.235 -0.0962096
3237 0.236 -0.0967674
3238 0.237 -0.0973265
3239 0.238 -0.097887
3240 0.239 -0.0984487
3241 0.24 -0.0990118
3242 0.241 -0.0995762
3243 0.242 -0.100142
3244 0.243 -0.100709
3245 0.244 -0.101277
3246 0.245 -0.101847
3247 0.246 -0.102418
3248 0.247 -0.10299
3249 0.248 -0.103564
3250 0.249 -0.104139
3251 0.25 -0.104715
3252 0.251 -0.105293
3253 0.252 -0.105872
3254 0.253 -0.106452
3255 0.254 -0.107034
3256 0.255 -0.107617
3257 0.256 -0.108201
3258 0.257 -0.108787
3259 0.258 -0.109374
3260 0.259 -0.109962
3261 0.26 -0.110552
3262 0.261 -0.111143
3263 0.262 -0.111735
3264 0.263 -0.112329
3265 0.264 -0.112923
3266 0.265 -0.11352
3267 0.266 -0.114117
3268 0.267 -0.114716
3269 0.268 -0.115317
3270 0.269 -0.115919
3271 0.27 -0.116522
3272 0.271 -0.117126
3273 0.272 -0.117732
3274 0.273 -0.118339
3275 0.274 -0.118947
3276 0.275 -0.119557
3277 0.276 -0.120168
3278 0.277 -0.120781
3279 0.278 -0.121394
3280 0.279 -0.122009
3281 0.28 -0.122626
3282 0.281 -0.123244
3283 0.282 -0.123863
3284 0.283 -0.124484
3285 0.284 -0.125106
3286 0.285 -0.125729
3287 0.286 -0.126354
3288 0.287 -0.12698
3289 0.288 -0.127607
3290 0.289 -0.128236
3291 0.29 -0.128866
3292 0.291 -0.129497
3293 0.292 -0.13013
3294 0.293 -0.130764
3295 0.294 -0.1314
3296 0.295 -0.132037
3297 0.296 -0.132675
3298 0.297 -0.133315
3299 0.298 -0.133956
3300 0.299 -0.134598
3301 0.3 -0.135242
3302 0.301 -0.135887
3303 0.302 -0.136534
3304 0.303 -0.137182
3305 0.304 -0.137831
3306 0.305 -0.138481
3307 0.306 -0.139133
3308 0.307 -0.139787
3309 0.308 -0.140442
3310 0.309 -0.141098
3311 0.31 -0.141755
3312 0.311 -0.142414
3313 0.312 -0.143074
3314 0.313 -0.143736
3315 0.314 -0.144399
3316 0.315 -0.145064
3317 0.316 -0.145729
3318 0.317 -0.146397
3319 0.318 -0.147065
3320 0.319 -0.147735
3321 0.32 -0.148407
3322 0.321 -0.149079
3323 0.322 -0.149754
3324 0.323 -0.150429
3325 0.324 -0.151106
3326 0.325 -0.151784
3327 0.326 -0.152464
3328 0.327 -0.153145
3329 0.328 -0.153828
3330 0.329 -0.154512
3331 0.33 -0.155197
3332 0.331 -0.155884
3333 0.332 -0.156572
3334 0.333 -0.157261
3335 0.334 -0.157952
3336 0.335 -0.158645
3337 0.336 -0.159338
3338 0.337 -0.160034
3339 0.338 -0.16073
3340 0.339 -0.161428
3341 0.34 -0.162127
3342 0.341 -0.162828
3343 0.342 -0.16353
3344 0.343 -0.164234
3345 0.344 -0.164939
3346 0.345 -0.165645
3347 0.346 -0.166353
3348 0.347 -0.167062
3349 0.348 -0.167773
3350 0.349 -0.168485
3351 0.35 -0.169199
3352 0.351 -0.169914
3353 0.352 -0.17063
3354 0.353 -0.171348
3355 0.354 -0.172067
3356 0.355 -0.172788
3357 0.356 -0.17351
3358 0.357 -0.174233
3359 0.358 -0.174958
3360 0.359 -0.175684
3361 0.36 -0.176412
3362 0.361 -0.177141
3363 0.362 -0.177872
3364 0.363 -0.178604
3365 0.364 -0.179337
3366 0.365 -0.180072
3367 0.366 -0.180808
3368 0.367 -0.181546
3369 0.368 -0.182285
3370 0.369 -0.183026
3371 0.37 -0.183768
3372 0.371 -0.184512
3373 0.372 -0.185256
3374 0.373 -0.186003
3375 0.374 -0.186751
3376 0.375 -0.1875
3377 0.376 -0.188251
3378 0.377 -0.189003
3379 0.378 -0.189757
3380 0.379 -0.190512
3381 0.38 -0.191268
3382 0.381 -0.192026
3383 0.382 -0.192785
3384 0.383 -0.193546
3385 0.384 -0.194309
3386 0.385 -0.195072
3387 0.386 -0.195838
3388 0.387 -0.196604
3389 0.388 -0.197372
3390 0.389 -0.198142
3391 0.39 -0.198913
3392 0.391 -0.199686
3393 0.392 -0.20046
3394 0.393 -0.201235
3395 0.394 -0.202012
3396 0.395 -0.20279
3397 0.396 -0.20357
3398 0.397 -0.204351
3399 0.398 -0.205134
3400 0.399 -0.205918
3401 0.4 -0.206704
3402 0.401 -0.207491
3403 0.402 -0.20828
3404 0.403 -0.20907
3405 0.404 -0.209862
3406 0.405 -0.210655
3407 0.406 -0.211449
3408 0.407 -0.212245
3409 0.408 -0.213043
3410 0.409 -0.213842
3411 0.41 -0.214642
3412 0.411 -0.215444
3413 0.412 -0.216248
3414 0.413 -0.217053
3415 0.414 -0.217859
3416 0.415 -0.218667
3417 0.416 -0.219476
3418 0.417 -0.220287
3419 0.418 -0.221099
3420 0.419 -0.221913
3421 0.42 -0.222729
3422 0.421 -0.223545
3423 0.422 -0.224364
3424 0.423 -0.225184
3425 0.424 -0.226005
3426 0.425 -0.226828
3427 0.426 -0.227652
3428 0.427 -0.228478
3429 0.428 -0.229305
3430 0.429 -0.230134
3431 0.43 -0.230964
3432 0.431 -0.231796
3433 0.432 -0.232629
3434 0.433 -0.233464
3435 0.434 -0.234301
3436 0.435 -0.235138
3437 0.436 -0.235978
3438 0.437 -0.236819
3439 0.438 -0.237661
3440 0.439 -0.238505
3441 0.44 -0.23935
3442 0.441 -0.240197
3443 0.442 -0.241046
3444 0.443 -0.241896
3445 0.444 -0.242747
3446 0.445 -0.2436
3447 0.446 -0.244455
3448 0.447 -0.245311
3449 0.448 -0.246168
3450 0.449 -0.247027
3451 0.45 -0.247888
3452 0.451 -0.24875
3453 0.452 -0.249614
3454 0.453 -0.250479
3455 0.454 -0.251346
3456 0.455 -0.252214
3457 0.456 -0.253084
3458 0.457 -0.253955
3459 0.458 -0.254828
3460 0.459 -0.255703
3461 0.46 -0.256579
3462 0.461 -0.257456
3463 0.462 -0.258335
3464 0.463 -0.259216
3465 0.464 -0.260098
3466 0.465 -0.260982
3467 0.466 -0.261867
3468 0.467 -0.262753
3469 0.468 -0.263642
3470 0.469 -0.264532
3471 0.47 -0.265423
3472 0.471 -0.266316
3473 0.472 -0.267211
3474 0.473 -0.268107
3475 0.474 -0.269004
3476 0.475 -0.269903
3477 0.476 -0.270804
3478 0.477 -0.271707
3479 0.478 -0.27261
3480 0.479 -0.273516
3481 0.48 -0.274423
3482 0.481 -0.275331
3483 0.482 -0.276242
3484 0.483 -0.277153
3485 0.484 -0.278067
3486 0.485 -0.278981
3487 0.486 -0.279898
3488 0.487 -0.280816
3489 0.488 -0.281735
3490 0.489 -0.282656
3491 0.49 -0.283579
3492 0.491 -0.284503
3493 0.492 -0.285429
3494 0.493 -0.286357
3495 0.494 -0.287286
3496 0.495 -0.288216
3497 0.496 -0.289149
3498 0.497 -0.290082
3499 0.498 -0.291018
3500 0.499 -0.291955
3501 0.5 -0.292893
3502 0.501 -0.293833
3503 0.502 -0.294775
3504 0.503 -0.295718
3505 0.504 -0.296663
3506 0.505 -0.29761
3507 0.506 -0.298558
3508 0.507 -0.299508
3509 0.508 -0.300459
3510 0.509 -0.301412
3511 0.51 -0.302366
3512 0.511 -0.303323
3513 0.512 -0.30428
3514 0.513 -0.30524
3515 0.514 -0.306201
3516 0.515 -0.307163
3517 0.516 -0.308127
3518 0.517 -0.309093
3519 0.518 -0.31006
3520 0.519 -0.311029
3521 0.52 -0.312
3522 0.521 -0.312972
3523 0.522 -0.313946
3524 0.523 -0.314922
3525 0.524 -0.315899
3526 0.525 -0.316877
3527 0.526 -0.317858
3528 0.527 -0.31884
3529 0.528 -0.319823
3530 0.529 -0.320809
3531 0.53 -0.321795
3532 0.531 -0.322784
3533 0.532 -0.323774
3534 0.533 -0.324766
3535 0.534 -0.325759
3536 0.535 -0.326754
3537 0.536 -0.327751
3538 0.537 -0.328749
3539 0.538 -0.329749
3540 0.539 -0.330751
3541 0.54 -0.331754
3542 0.541 -0.332759
3543 0.542 -0.333765
3544 0.543 -0.334774
3545 0.544 -0.335784
3546 0.545 -0.336795
3547 0.546 -0.337808
3548 0.547 -0.338823
3549 0.548 -0.339839
3550 0.549 -0.340858
3551 0.55 -0.341877
3552 0.551 -0.342899
3553 0.552 -0.343922
3554 0.553 -0.344947
3555 0.554 -0.345973
3556 0.555 -0.347001
3557 0.556 -0.348031
3558 0.557 -0.349062
3559 0.558 -0.350095
3560 0.559 -0.35113
3561 0.56 -0.352167
3562 0.561 -0.353205
3563 0.562 -0.354245
3564 0.563 -0.355286
3565 0.564 -0.356329
3566 0.565 -0.357374
3567 0.566 -0.358421
3568 0.567 -0.359469
3569 0.568 -0.360519
3570 0.569 -0.36157
3571 0.57 -0.362624
3572 0.571 -0.363679
3573 0.572 -0.364735
3574 0.573 -0.365794
3575 0.574 -0.366854
3576 0.575 -0.367915
3577 0.576 -0.368979
3578 0.577 -0.370044
3579 0.578 -0.371111
3580 0.579 -0.372179
3581 0.58 -0.37325
3582 0.581 -0.374322
3583 0.582 -0.375395
3584 0.583 -0.376471
3585 0.584 -0.377548
3586 0.585 -0.378627
3587 0.586 -0.379707
3588 0.587 -0.380789
3589 0.588 -0.381873
3590 0.589 -0.382959
3591 0.59 -0.384046
3592 0.591 -0.385136
3593 0.592 -0.386226
3594 0.593 -0.387319
3595 0.594 -0.388413
3596 0.595 -0.389509
3597 0.596 -0.390607
3598 0.597 -0.391707
3599 0.598 -0.392808
3600 0.599 -0.393911
3601 0.6 -0.395016
3602 0.601 -0.396122
3603 0.602 -0.39723
3604 0.603 -0.39834
3605 0.604 -0.399452
3606 0.605 -0.400565
3607 0.606 -0.40168
3608 0.607 -0.402797
3609 0.608 -0.403916
3610 0.609 -0.405036
3611 0.61 -0.406158
3612 0.611 -0.407282
3613 0.612 -0.408408
3614 0.613 -0.409536
3615 0.614 -0.410665
3616 0.615 -0.411796
3617 0.616 -0.412928
3618 0.617 -0.414063
3619 0.618 -0.415199
3620 0.619 -0.416337
3621 0.62 -0.417477
3622 0.621 -0.418619
3623 0.622 -0.419762
3624 0.623 -0.420907
3625 0.624 -0.422054
3626 0.625 -0.423203
3627 0.626 -0.424353
3628 0.627 -0.425505
3629 0.628 -0.426659
3630 0.629 -0.427815
3631 0.63 -0.428973
3632 0.631 -0.430132
3633 0.632 -0.431294
3634 0.633 -0.432457
3635 0.634 -0.433621
3636 0.635 -0.434788
3637 0.636 -0.435956
3638 0.637 -0.437126
3639 0.638 -0.438298
3640 0.639 -0.439472
3641 0.64 -0.440648
3642 0.641 -0.441825
3643 0.642 -0.443005
3644 0.643 -0.444186
3645 0.644 -0.445368
3646 0.645 -0.446553
3647 0.646 -0.44774
3648 0.647 -0.448928
3649 0.648 -0.450118
3650 0.649 -0.45131
3651 0.65 -0.452504
3652 0.651 -0.453699
3653 0.652 -0.454897
3654 0.653 -0.456096
3655 0.654 -0.457297
3656 0.655 -0.4585
3657 0.656 -0.459705
3658 0.657 -0.460911
3659 0.658 -0.46212
3660 0.659 -0.46333
3661 0.66 -0.464542
3662 0.661 -0.465756
3663 0.662 -0.466972
3664 0.663 -0.46819
3665 0.664 -0.469409
3666 0.665 -0.470631
3667 0.666 -0.471854
3668 0.667 -0.473079
3669 0.668 -0.474306
3670 0.669 -0.475535
3671 0.67 -0.476765
3672 0.671 -0.477998
3673 0.672 -0.479232
3674 0.673 -0.480469
3675 0.674 -0.481707
3676 0.675 -0.482947
3677 0.676 -0.484189
3678 0.677 -0.485432
3679 0.678 -0.486678
3680 0.679 -0.487926
3681 0.68 -0.489175
3682 0.681 -0.490426
3683 0.682 -0.49168
3684 0.683 -0.492935
3685 0.684 -0.494192
3686 0.685 -0.495451
3687 0.686 -0.496711
3688 0.687 -0.497974
3689 0.688 -0.499239
3690 0.689 -0.500505
3691 0.69 -0.501773
3692 0.691 -0.503044
3693 0.692 -0.504316
3694 0.693 -0.50559
3695 0.694 -0.506866
3696 0.695 -0.508144
3697 0.696 -0.509424
3698 0.697 -0.510705
3699 0.698 -0.511989
3700 0.699 -0.513275
3701 0.7 -0.514562
3702 0.701 -0.515852
3703 0.702 -0.517143
3704 0.703 -0.518436
3705 0.704 -0.519732
3706 0.705 -0.521029
3707 0.706 -0.522328
3708 0.707 -0.523629
3709 0.708 -0.524932
3710 0.709 -0.526237
3711 0.71 -0.527544
3712 0.711 -0.528853
3713 0.712 -0.530163
3714 0.713 -0.531476
3715 0.714 -0.532791
3716 0.715 -0.534108
3717 0.716 -0.535426
3718 0.717 -0.536747
3719 0.718 -0.538069
3720 0.719 -0.539394
3721 0.72 -0.54072
3722 0.721 -0.542049
3723 0.722 -0.543379
3724 0.723 -0.544712
3725 0.724 -0.546046
3726 0.725 -0.547382
3727 0.726 -0.548721
3728 0.727 -0.550061
3729 0.728 -0.551403
3730 0.729 -0.552748
3731 0.73 -0.554094
3732 0.731 -0.555442
3733 0.732 -0.556792
3734 0.733 -0.558145
3735 0.734 -0.559499
3736 0.735 -0.560855
3737 0.736 -0.562213
3738 0.737 -0.563574
3739 0.738 -0.564936
3740 0.739 -0.5663
3741 0.74 -0.567667
3742 0.741 -0.569035
3743 0.742 -0.570405
3744 0.743 -0.571778
3745 0.744 -0.573152
3746 0.745 -0.574529
3747 0.746 -0.575907
3748 0.747 -0.577288
3749 0.748 -0.57867
3750 0.749 -0.580055
3751 0.75 -0.581441
3752 0.751 -0.58283
3753 0.752 -0.584221
3754 0.753 -0.585613
3755 0.754 -0.587008
3756 0.755 -0.588405
3757 0.756 -0.589804
3758 0.757 -0.591205
3759 0.758 -0.592608
3760 0.759 -0.594013
3761 0.76 -0.59542
3762 0.761 -0.596829
3763 0.762 -0.598241
3764 0.763 -0.599654
3765 0.764 -0.601069
3766 0.765 -0.602487
3767 0.766 -0.603906
3768 0.767 -0.605328
3769 0.768 -0.606752
3770 0.769 -0.608178
3771 0.77 -0.609605
3772 0.771 -0.611035
3773 0.772 -0.612468
3774 0.773 -0.613902
3775 0.774 -0.615338
3776 0.775 -0.616776
3777 0.776 -0.618217
3778 0.777 -0.61966
3779 0.778 -0.621104
3780 0.779 -0.622551
3781 0.78 -0.624
3782 0.781 -0.625451
3783 0.782 -0.626904
3784 0.783 -0.62836
3785 0.784 -0.629817
3786 0.785 -0.631277
3787 0.786 -0.632738
3788 0.787 -0.634202
3789 0.788 -0.635668
3790 0.789 -0.637136
3791 0.79 -0.638606
3792 0.791 -0.640079
3793 0.792 -0.641553
3794 0.793 -0.64303
3795 0.794 -0.644509
3796 0.795 -0.64599
3797 0.796 -0.647473
3798 0.797 -0.648958
3799 0.798 -0.650446
3800 0.799 -0.651935
3801 0.8 -0.653427
3802 0.801 -0.654921
3803 0.802 -0.656417
3804 0.803 -0.657916
3805 0.804 -0.659416
3806 0.805 -0.660919
3807 0.806 -0.662424
3808 0.807 -0.663931
3809 0.808 -0.66544
3810 0.809 -0.666952
3811 0.81 -0.668465
3812 0.811 -0.669981
3813 0.812 -0.671499
3814 0.813 -0.67302
3815 0.814 -0.674542
3816 0.815 -0.676067
3817 0.816 -0.677594
3818 0.817 -0.679123
3819 0.818 -0.680654
3820 0.819 -0.682188
3821 0.82 -0.683724
3822 0.821 -0.685262
3823 0.822 -0.686802
3824 0.823 -0.688345
3825 0.824 -0.68989
3826 0.825 -0.691437
3827 0.826 -0.692986
3828 0.827 -0.694537
3829 0.828 -0.696091
3830 0.829 -0.697647
3831 0.83 -0.699206
3832 0.831 -0.700766
3833 0.832 -0.702329
3834 0.833 -0.703894
3835 0.834 -0.705461
3836 0.835 -0.707031
3837 0.836 -0.708603
3838 0.837 -0.710177
3839 0.838 -0.711754
3840 0.839 -0.713332
3841 0.84 -0.714913
3842 0.841 -0.716497
3843 0.842 -0.718082
3844 0.843 -0.71967
3845 0.844 -0.721261
3846 0.845 -0.722853
3847 0.846 -0.724448
3848 0.847 -0.726045
3849 0.848 -0.727645
3850 0.849 -0.729247
3851 0.85 -0.730851
3852 0.851 -0.732457
3853 0.852 -0.734066
3854 0.853 -0.735677
3855 0.854 -0.737291
3856 0.855 -0.738907
3857 0.856 -0.740525
3858 0.857 -0.742145
3859 0.858 -0.743768
3860 0.859 -0.745393
3861 0.86 -0.747021
3862 0.861 -0.748651
3863 0.862 -0.750283
3864 0.863 -0.751918
3865 0.864 -0.753555
3866 0.865 -0.755195
3867 0.866 -0.756836
3868 0.867 -0.758481
3869 0.868 -0.760127
3870 0.869 -0.761776
3871 0.87 -0.763427
3872 0.871 -0.765081
3873 0.872 -0.766737
3874 0.873 -0.768396
3875 0.874 -0.770057
3876 0.875 -0.77172
3877 0.876 -0.773386
3878 0.877 -0.775054
3879 0.878 -0.776725
3880 0.879 -0.778398
3881 0.88 -0.780073
3882 0.881 -0.781751
3883 0.882 -0.783432
3884 0.883 -0.785115
3885 0.884 -0.7868
3886 0.885 -0.788488
3887 0.886 -0.790178
3888 0.887 -0.79187
3889 0.888 -0.793565
3890 0.889 -0.795263
3891 0.89 -0.796963
3892 0.891 -0.798665
3893 0.892 -0.80037
3894 0.893 -0.802078
3895 0.894 -0.803788
3896 0.895 -0.8055
3897 0.896 -0.807215
3898 0.897 -0.808932
3899 0.898 -0.810652
3900 0.899 -0.812375
3901 0.9 -0.814099
3902 0.901 -0.815827
3903 0.902 -0.817557
3904 0.903 -0.819289
3905 0.904 -0.821024
3906 0.905 -0.822762
3907 0.906 -0.824502
3908 0.907 -0.826244
3909 0.908 -0.827989
3910 0.909 -0.829737
3911 0.91 -0.831487
3912 0.911 -0.83324
3913 0.912 -0.834995
3914 0.913 -0.836753
3915 0.914 -0.838513
3916 0.915 -0.840276
3917 0.916 -0.842042
3918 0.917 -0.84381
3919 0.918 -0.845581
3920 0.919 -0.847354
3921 0.92 -0.84913
3922 0.921 -0.850908
3923 0.922 -0.852689
3924 0.923 -0.854473
3925 0.924 -0.856259
3926 0.925 -0.858048
3927 0.926 -0.85984
3928 0.927 -0.861634
3929 0.928 -0.86343
3930 0.929 -0.86523
3931 0.93 -0.867032
3932 0.931 -0.868836
3933 0.932 -0.870644
3934 0.933 -0.872454
3935 0.934 -0.874266
3936 0.935 -0.876081
3937 0.936 -0.877899
3938 0.937 -0.87972
3939 0.938 -0.881543
3940 0.939 -0.883369
3941 0.94 -0.885198
3942 0.941 -0.887029
3943 0.942 -0.888863
3944 0.943 -0.890699
3945 0.944 -0.892539
3946 0.945 -0.894381
3947 0.946 -0.896225
3948 0.947 -0.898073
3949 0.948 -0.899923
3950 0.949 -0.901776
3951 0.95 -0.903632
3952 0.951 -0.90549
3953 0.952 -0.907351
3954 0.953 -0.909215
3955 0.954 -0.911081
3956 0.955 -0.912951
3957 0.956 -0.914823
3958 0.957 -0.916698
3959 0.958 -0.918575
3960 0.959 -0.920456
3961 0.96 -0.922339
3962 0.961 -0.924225
3963 0.962 -0.926113
3964 0.963 -0.928005
3965 0.964 -0.929899
3966 0.965 -0.931796
3967 0.966 -0.933696
3968 0.967 -0.935599
3969 0.968 -0.937504
3970 0.969 -0.939413
3971 0.97 -0.941324
3972 0.971 -0.943238
3973 0.972 -0.945155
3974 0.973 -0.947074
3975 0.974 -0.948997
3976 0.975 -0.950922
3977 0.976 -0.952851
3978 0.977 -0.954782
3979 0.978 -0.956716
3980 0.979 -0.958652
3981 0.98 -0.960592
3982 0.981 -0.962535
3983 0.982 -0.96448
3984 0.983 -0.966429
3985 0.984 -0.96838
3986 0.985 -0.970334
3987 0.986 -0.972291
3988 0.987 -0.974251
3989 0.988 -0.976214
3990 0.989 -0.97818
3991 0.99 -0.980149
3992 0.991 -0.982121
3993 0.992 -0.984095
3994 0.993 -0.986073
3995 0.994 -0.988054
3996 0.995 -0.990037
3997 0.996 -0.992024
3998 0.997 -0.994013
3999 0.998 -0.996006
4000 0.999 -0.998001
4001 1 -1
4002 1.001 -1.002
4003 1.002 -1.00401
4004 1.003 -1.00601
4005 1.004 -1.00802
4006 1.005 -1.01004
4007 1.006 -1.01205
4008 1.007 -1.01407
4009 1.008 -1.0161
4010 1.009 -1.01812
4011 1.01 -1.02015
4012 1.011 -1.02218
4013 1.012 -1.02422
4014 1.013 -1.02626
4015 1.014 -1.0283
4016 1.015 -1.03034
4017 1.016 -1.03239
4018 1.017 -1.03444
4019 1.018 -1.03649
4020 1.019 -1.03855
4021 1.02 -1.04061
4022 1.021 -1.04267
4023 1.022 -1.04474
4024 1.023 -1.04681
4025 1.024 -1.04888
4026 1.025 -1.05095
4027 1.026 -1.05303
4028 1.027 -1.05511
4029 1.028 -1.0572
4030 1.029 -1.05929
4031 1.03 -1.06138
4032 1.031 -1.06347
4033 1.032 -1.06557
4034 1.033 -1.06767
4035 1.034 -1.06977
4036 1.035 -1.07188
4037 1.036 -1.07399
4038 1.037 -1.07611
4039 1.038 -1.07822
4040 1.039 -1.08034
4041 1.04 -1.08247
4042 1.041 -1.08459
4043 1.042 -1.08672
4044 1.043 -1.08886
4045 1.044 -1.09099
4046 1.045 -1.09313
4047 1.046 -1.09528
4048 1.047 -1.09742
4049 1.048 -1.09957
4050 1.049 -1.10173
4051 1.05 -1.10388
4052 1.051 -1.10604
4053 1.052 -1.10821
4054 1.053 -1.11037
4055 1.054 -1.11254
4056 1.055 -1.11471
4057 1.056 -1.11689
4058 1.057 -1.11907
4059 1.058 -1.12125
4060 1.059 -1.12344
4061 1.06 -1.12563
4062 1.061 -1.12783
4063 1.062 -1.13002
4064 1.063 -1.13222
4065 1.064 -1.13443
4066 1.065 -1.13663
4067 1.066 -1.13884
4068 1.067 -1.14106
4069 1.068 -1.14328
4070 1.069 -1.1455
4071 1.07 -1.14772
4072 1.071 -1.14995
4073 1.072 -1.15218
4074 1.073 -1.15442
4075 1.074 -1.15666
4076 1.075 -1.1589
4077 1.076 -1.16114
4078 1.077 -1.16339
4079 1.078 -1.16565
4080 1.079 -1.1679
4081 1.08 -1.17016
4082 1.081 -1.17243
4083 1.082 -1.17469
4084 1.083 -1.17697
4085 1.084 -1.17924
4086 1.085 -1.18152
4087 1.086 -1.1838
4088 1.087 -1.18609
4089 1.088 -1.18837
4090 1.089 -1.19067
4091 1.09 -1.19296
4092 1.091 -1.19526
4093 1.092 -1.19757
4094 1.093 -1.19987
4095 1.094 -1.20219
4096 1.095 -1.2045
4097 1.096 -1.20682
4098 1.097 -1.20914
4099 1.098 -1.21147
4100 1.099 -1.2138
4101 1.1 -1.21613
4102 1.101 -1.21847
4103 1.102 -1.22081
4104 1.103 -1.22315
4105 1.104 -1.2255
4106 1.105 -1.22785
4107 1.106 -1.23021
4108 1.107 -1.23257
4109 1.108 -1.23493
4110 1.109 -1.2373
4111 1.11 -1.23967
4112 1.111 -1.24205
4113 1.112 -1.24443
4114 1.113 -1.24681
4115 1.114 -1.2492
4116 1.115 -1.25159
4117 1.116 -1.25399
4118 1.117 -1.25639
4119 1.118 -1.25879
4120 1.119 -1.2612
4121 1.12 -1.26361
4122 1.121 -1.26602
4123 1.122 -1.26844
4124 1.123 -1.27086
4125 1.124 -1.27329
4126 1.125 -1.27572
4127 1.126 -1.27816
4128 1.127 -1.2806
4129 1.128 -1.28304
4130 1.129 -1.28549
4131 1.13 -1.28794
4132 1.131 -1.29039
4133 1.132 -1.29285
4134 1.133 -1.29532
4135 1.134 -1.29778
4136 1.135 -1.30026
4137 1.136 -1.30273
4138 1.137 -1.30521
4139 1.138 -1.3077
4140 1.139 -1.31019
4141 1.14 -1.31268
4142 1.141 -1.31518
4143 1.142 -1.31768
4144 1.143 -1.32018
4145 1.144 -1.32269
4146 1.145 -1.32521
4147 1.146 -1.32772
4148 1.147 -1.33025
4149 1.148 -1.33277
4150 1.149 -1.33531
4151 1.15 -1.33784
4152 1.151 -1.34038
4153 1.152 -1.34293
4154 1.153 -1.34547
4155 1.154 -1.34803
4156 1.155 -1.35058
4157 1.156 -1.35315
4158 1.157 -1.35571
4159 1.158 -1.35828
4160 1.159 -1.36086
4161 1.16 -1.36344
4162 1.161 -1.36602
4163 1.162 -1.36861
4164 1.163 -1.37121
4165 1.164 -1.3738
4166 1.165 -1.37641
4167 1.166 -1.37901
4168 1.167 -1.38163
4169 1.168 -1.38424
4170 1.169 -1.38686
4171 1.17 -1.38949
4172 1.171 -1.39212
4173 1.172 -1.39475
4174 1.173 -1.39739
4175 1.174 -1.40004
4176 1.175 -1.40268
4177 1.176 -1.40534
4178 1.177 -1.408
4179 1.178 -1.41066
4180 1.179 -1.41333
4181 1.18 -1.416
4182 1.181 -1.41868
4183 1.182 -1.42136
4184 1.183 -1.42405
4185 1.184 -1.42674
4186 1.185 -1.42944
4187 1.186 -1.43214
4188 1.187 -1.43484
4189 1.188 -1.43756
4190 1.189 -1.44027
4191 1.19 -1.44299
4192 1.191 -1.44572
4193 1.192 -1.44845
4194 1.193 -1.45119
4195 1.194 -1.45393
4196 1.195 -1.45668
4197 1.196 -1.45943
4198 1.197 -1.46218
4199 1.198 -1.46495
4200 1.199 -1.46771
4201 1.2 -1.47048
4202 1.201 -1.47326
4203 1.202 -1.47604
4204 1.203 -1.47883
4205 1.204 -1.48162
4206 1.205 -1.48442
4207 1.206 -1.48723
4208 1.207 -1.49003
4209 1.208 -1.49285
4210 1.209 -1.49567
4211 1.21 -1.49849
4212 1.211 -1.50132
4213 1.212 -1.50416
4214 1.213 -1.507
4215 1.214 -1.50984
4216 1.215 -1.5127
4217 1.216 -1.51555
4218 1.217 -1.51841
4219 1.218 -1.52128
4220 1.219 -1.52416
4221 1.22 -1.52704
4222 1.221 -1.52992
4223 1.222 -1.53281
4224 1.223 -1.53571
4225 1.224 -1.53861
4226 1.225 -1.54152
4227 1.226 -1.54443
4228 1.227 -1.54735
4229 1.228 -1.55027
4230 1.229 -1.5532
4231 1.23 -1.55614
4232 1.231 -1.55908
4233 1.232 -1.56203
4234 1.233 -1.56498
4235 1.234 -1.56794
4236 1.235 -1.57091
4237 1.236 -1.57388
4238 1.237 -1.57686
4239 1.238 -1.57984
4240 1.239 -1.58283
4241 1.24 -1.58582
4242 1.241 -1.58882
4243 1.242 -1.59183
4244 1.243 -1.59485
4245 1.244 -1.59787
4246 1.245 -1.60089
4247 1.246 -1.60392
4248 1.247 -1.60696
4249 1.248 -1.61001
4250 1.249 -1.61306
4251 1.25 -1.61612
4252 1.251 -1.61918
4253 1.252 -1.62225
4254 1.253 -1.62533
4255 1.254 -1.62841
4256 1.255 -1.6315
4257 1.256 -1.6346
4258 1.257 -1.6377
4259 1.258 -1.64081
4260 1.259 -1.64392
4261 1.26 -1.64705
4262 1.261 -1.65018
4263 1.262 -1.65331
4264 1.263 -1.65645
4265 1.264 -1.6596
4266 1.265 -1.66276
4267 1.266 -1.66592
4268 1.267 -1.66909
4269 1.268 -1.67227
4270 1.269 -1.67545
4271 1.27 -1.67864
4272 1.271 -1.68184
4273 1.272 -1.68505
4274 1.273 -1.68826
4275 1.274 -1.69148
4276 1.275 -1.6947
4277 1.276 -1.69794
4278 1.277 -1.70118
4279 1.278 -1.70443
4280 1.279 -1.70768
4281 1.28 -1.71094
4282 1.281 -1.71421
4283 1.282 -1.71749
4284 1.283 -1.72078
4285 1.284 -1.72407
4286 1.285 -1.72737
4287 1.286 -1.73068
4288 1.287 -1.73399
4289 1.288 -1.73732
4290 1.289 -1.74065
4291 1.29 -1.74398
4292 1.291 -1.74733
4293 1.292 -1.75069
4294 1.293 -1.75405
4295 1.294 -1.75742
4296 1.295 -1.7608
4297 1.296 -1.76418
4298 1.297 -1.76758
4299 1.298 -1.77098
4300 1.299 -1.77439
4301 1.3 -1.77781
4302 1.301 -1.78123
4303 1.302 -1.78467
4304 1.303 -1.78811
4305 1.304 -1.79157
4306 1.305 -1.79503
4307 1.306 -1.7985
4308 1.307 -1.80198
4309 1.308 -1.80546
4310 1.309 -1.80896
4311 1.31 -1.81246
4312 1.311 -1.81597
4313 1.312 -1.8195
4314 1.313 -1.82303
4315 1.314 -1.82657
4316 1.315 -1.83012
4317 1.316 -1.83367
4318 1.317 -1.83724
4319 1.318 -1.84082
4320 1.319 -1.8444
4321 1.32 -1.848
4322 1.321 -1.8516
4323 1.322 -1.85522
4324 1.323 -1.85884
4325 1.324 -1.86248
4326 1.325 -1.86612
4327 1.326 -1.86977
4328 1.327 -1.87344
4329 1.328 -1.87711
4330 1.329 -1.88079
4331 1.33 -1.88448
4332 1.331 -1.88819
4333 1.332 -1.8919
4334 1.333 -1.89562
4335 1.334 -1.89936
4336 1.335 -1.9031
4337 1.336 -1.90686
4338 1.337 -1.91062
4339 1.338 -1.9144
4340 1.339 -1.91818
4341 1.34 -1.92198
4342 1.341 -1.92579
4343 1.342 -1.92961
4344 1.343 -1.93344
4345 1.344 -1.93728
4346 1.345 -1.94114
4347 1.346 -1.945
4348 1.347 -1.94888
4349 1.348 -1.95276
4350 1.349 -1.95666
4351 1.35 -1.96057
4352 1.351 -1.9645
4353 1.352 -1.96843
4354 1.353 -1.97238
4355 1.354 -1.97634
4356 1.355 -1.98031
4357 1.356 -1.98429
4358 1.357 -1.98829
4359 1.358 -1.9923
4360 1.359 -1.99632
4361 1.36 -2.00036
4362 1.361 -2.0044
4363 1.362 -2.00846
4364 1.363 -2.01254
4365 1.364 -2.01662
4366 1.365 -2.02073
4367 1.366 -2.02484
4368 1.367 -2.02897
4369 1.368 -2.03311
4370 1.369 -2.03726
4371 1.37 -2.04143
4372 1.371 -2.04562
4373 1.372 -2.04982
4374 1.373 -2.05403
4375 1.374 -2.05826
4376 1.375 -2.0625
4377 1.376 -2.06676
4378 1.377 -2.07103
4379 1.378 -2.07532
4380 1.379 -2.07962
4381 1.38 -2.08394
4382 1.381 -2.08828
4383 1.382 -2.09263
4384 1.383 -2.09699
4385 1.384 -2.10138
4386 1.385 -2.10578
4387 1.386 -2.11019
4388 1.387 -2.11463
4389 1.388 -2.11908
4390 1.389 -2.12355
4391 1.39 -2.12803
4392 1.391 -2.13254
4393 1.392 -2.13706
4394 1.393 -2.1416
4395 1.394 -2.14615
4396 1.395 -2.15073
4397 1.396 -2.15533
4398 1.397 -2.15994
4399 1.398 -2.16457
4400 1.399 -2.16923
4401 1.4 -2.1739
4402 1.401 -2.17859
4403 1.402 -2.18331
4404 1.403 -2.18804
4405 1.404 -2.1928
4406 1.405 -2.19757
4407 1.406 -2.20237
4408 1.407 -2.20719
4409 1.408 -2.21204
4410 1.409 -2.2169
4411 1.41 -2.22179
4412 1.411 -2.2267
4413 1.412 -2.23163
4414 1.413 -2.23659
4415 1.414 -2.24157
4416 1.415 -2.24658
4417 1.416 -2.25161
4418 1.417 -2.25667
4419 1.418 -2.26175
4420 1.419 -2.26686
4421 1.42 -2.272
4422 1.421 -2.27716
4423 1.422 -2.28236
4424 1.423 -2.28757
4425 1.424 -2.29282
4426 1.425 -2.2981
4427 1.426 -2.30341
4428 1.427 -2.30874
4429 1.428 -2.31411
4430 1.429 -2.31951
4431 1.43 -2.32494
4432 1.431 -2.33041
4433 1.432 -2.3359
4434 1.433 -2.34144
4435 1.434 -2.347
4436 1.435 -2.3526
4437 1.436 -2.35824
4438 1.437 -2.36392
4439 1.438 -2.36963
4440 1.439 -2.37538
4441 1.44 -2.38117
4442 1.441 -2.387
4443 1.442 -2.39287
4444 1.443 -2.39879
4445 1.444 -2.40475
4446 1.445 -2.41075
4447 1.446 -2.4168
4448 1.447 -2.42289
4449 1.448 -2.42903
4450 1.449 -2.43523
4451 1.45 -2.44147
4452 1.451 -2.44777
4453 1.452 -2.45411
4454 1.453 -2.46052
4455 1.454 -2.46698
4456 1.455 -2.4735
4457 1.456 -2.48008
4458 1.457 -2.48672
4459 1.458 -2.49343
4460 1.459 -2.50021
4461 1.46 -2.50705
4462 1.461 -2.51396
4463 1.462 -2.52095
4464 1.463 -2.52802
4465 1.464 -2.53517
4466 1.465 -2.5424
4467 1.466 -2.54971
4468 1.467 -2.55712
4469 1.468 -2.56462
4470 1.469 -2.57222
4471 1.47 -2.57993
4472 1.471 -2.58774
4473 1.472 -2.59566
4474 1.473 -2.60371
4475 1.474 -2.61188
4476 1.475 -2.62018
4477 1.476 -2.62862
4478 1.477 -2.63722
4479 1.478 -2.64597
4480 1.479 -2.6549
4481 1.48 -2.664
4482 1.481 -2.6733
4483 1.482 -2.68281
4484 1.483 -2.69255
4485 1.484 -2.70253
4486 1.485 -2.71279
4487 1.486 -2.72334
4488 1.487 -2.73423
4489 1.488 -2.74548
4490 1.489 -2.75715
4491 1.49 -2.76928
4492 1.491 -2.78196
4493 1.492 -2.79528
4494 1.493 -2.80935
4495 1.494 -2.82434
4496 1.495 -2.8405
4497 1.496 -2.85819
4498 1.497 -2.87804
4499 1.498 -2.90126
4500 1.499 -2.93096
