1 -3 -5
2 -2.999 -4.99967
3 -2.998 -4.99933
4 -2.997 -4.999
5 -2.996 -4.99867
6 -2.995 -4.99833
7 -2.994 -4.998
8 -2.993 -4.99767
9 -2.992 -4.99733
10 -2.991 -4.997
11 -2.99 -4.99666
12 -2.989 -4.99633
13 -2.988 -4.996
14 -2.987 -4.99566
15 -2.986 -4.99533
16 -2.985 -4.995
17 -2.984 -4.99466
18 -2.983 -4.99433
19 -2.982 -4.99399
20 -2.981 -4.99366
21 -2.98 -4.99333
22 -2.979 -4.99299
23 -2.978 -4.99266
24 -2.977 -4.99232
25 -2.976 -4.99199
26 -2.975 -4.99166
27 -2.974 -4.99132
28 -2.973 -4.99099
29 -2.972 -4.99065
30 -2.971 -4.99032
31 -2.97 -4.98998
32 -2.969 -4.98965
33 -2.968 -4.98931
34 -2.967 -4.98898
35 -2.966 -4.98865
36 -2.965 -4.98831
37 -2.964 -4.98798
38 -2.963 -4.98764
39 -2.962 -4.98731
40 -2.961 -4.98697
41 -2.96 -4.98664
42 -2.959 -4.9863
43 -2.958 -4.98597
44 -2.957 -4.98563
45 -2.956 -4.9853
46 -2.955 -4.98496
47 -2.954 -4.98463
48 -2.953 -4.98429
49 -2.952 -4.98396
50 -2.951 -4.98362
51 -2.95 -4.98329
52 -2.949 -4.98295
53 -2.948 -4.98262
54 -2.947 -4.98228
55 -2.946 -4.98195
56 -2.945 -4.98161
57 -2.944 -4.98127
58 -2.943 -4.98094
59 -2.942 -4.9806
60 -2.941 -4.98027
61 -2.94 -4.97993
62 -2.939 -4.9796
63 -2.938 -4.97926
64 -2.937 -4.97893
65 -2.936 -4.97859
66 -2.935 -4.97825
67 -2.934 -4.97792
68 -2.933 -4.97758
69 -2.932 -4.97725
70 -2.931 -4.97691
71 -2.93 -4.97658
72 -2.929 -4.97624
73 -2.928 -4.9759
74 -2.927 -4.97557
75 -2.926 -4.97523
76 -2.925 -4.97489
77 -2.924 -4.97456
78 -2.923 -4.97422
79 -2.922 -4.97389
80 -2.921 -4.97355
81 -2.92 -4.97321
82 -2.919 -4.97288
83 -2.918 -4.97254
84 -2.917 -4.9722
85 -2.916 -4.97187
86 -2.915 -4.97153
87 -2.914 -4.9712
88 -2.913 -4.97086
89 -2.912 -4.97052
90 -2.911 -4.97019
91 -2.91 -4.96985
92 -2.909 -4.96951
93 -2.908 -4.96917
94 -2.907 -4.96884
95 -2.906 -4.9685
96 -2.905 -4.96816
97 -2.904 -4.96783
98 -2.903 -4.96749
99 -2.902 -4.96715
100 -2.901 -4.96682
101 -2.9 -4.96648
102 -2.899 -4.96614
103 -2.898 -4.96581
104 -2.897 -4.96547
105 -2.896 -4.96513
106 -2.895 -4.96479
107 -2.894 -4.96446
108 -2.893 -4.96412
109 -2.892 -4.96378
110 -2.891 -4.96344
111 -2.89 -4.96311
112 -2.889 -4.96277
113 -2.888 -4.96243
114 -2.887 -4.96209
115 -2.886 -4.96176
116 -2.885 -4.96142
117 -2.884 -4.96108
118 -2.883 -4.96074
119 -2.882 -4.96041
120 -2.881 -4.96007
121 -2.88 -4.95973
122 -2.879 -4.95939
123 -2.878 -4.95905
124 -2.877 -4.95872
125 -2.876 -4.95838
126 -2.875 -4.95804
127 -2.874 -4.9577
128 -2.873 -4.95736
129 -2.872 -4.95703
130 -2.871 -4.95669
131 -2.87 -4.95635
132 -2.869 -4.95601
133 -2.868 -4.95567
134 -2.867 -4.95533
135 -2.866 -4.955
136 -2.865 -4.95466
137 -2.864 -4.95432
138 -2.863 -4.95398
139 -2.862 -4.95364
140 -2.861 -4.9533
141 -2.86 -4.95296
142 -2.859 -4.95263
143 -2.858 -4.95229
144 -2.857 -4.95195
145 -2.856 -4.95161
146 -2.855 -4.95127
147 -2.854 -4.95093
148 -2.853 -4.95059
149 -2.852 -4.95025
150 -2.851 -4.94992
151 -2.85 -4.94958
152 -2.849 -4.94924
153 -2.848 -4.9489
154 -2.847 -4.94856
155 -2.846 -4.94822
156 -2.845 -4.94788
157 -2.844 -4.94754
158 -2.843 -4.9472
159 -2.842 -4.94686
160 -2.841 -4.94652
161 -2.84 -4.94618
162 -2.839 -4.94584
163 -2.838 -4.94551
164 -2.837 -4.94517
165 -2.836 -4.94483
166 -2.835 -4.94449
167 -2.834 -4.94415
168 -2.833 -4.94381
169 -2.832 -4.94347
170 -2.831 -4.94313
171 -2.83 -4.94279
172 -2.829 -4.94245
173 -2.828 -4.94211
174 -2.827 -4.94177
175 -2.826 -4.94143
176 -2.825 -4.94109
177 -2.824 -4.94075
178 -2.823 -4.94041
179 -2.822 -4.94007
180 -2.821 -4.93973
181 -2.82 -4.93939
182 -2.819 -4.93905
183 -2.818 -4.93871
184 -2.817 -4.93837
185 -2.816 -4.93803
186 -2.815 -4.93769
187 -2.814 -4.93735
188 -2.813 -4.93701
189 -2.812 -4.93666
190 -2.811 -4.93632
191 -2.81 -4.93598
192 -2.809 -4.93564
193 -2.808 -4.9353
194 -2.807 -4.93496
195 -2.806 -4.93462
196 -2.805 -4.93428
197 -2.804 -4.93394
198 -2.803 -4.9336
199 -2.802 -4.93326
200 -2.801 -4.93292
201 -2.8 -4.93258
202 -2.799 -4.93223
203 -2.798 -4.93189
204 -2.797 -4.93155
205 -2.796 -4.93121
206 -2.795 -4.93087
207 -2.794 -4.93053
208 -2.793 -4.93019
209 -2.792 -4.92985
210 -2.791 -4.92951
211 -2.79 -4.92916
212 -2.789 -4.92882
213 -2.788 -4.92848
214 -2.787 -4.92814
215 -2.786 -4.9278
216 -2.785 -4.92746
217 -2.784 -4.92711
218 -2.783 -4.92677
219 -2.782 -4.92643
220 -2.781 -4.92609
221 -2.78 -4.92575
222 -2.779 -4.92541
223 -2.778 -4.92506
224 -2.777 -4.92472
225 -2.776 -4.92438
226 -2.775 -4.92404
227 -2.774 -4.9237
228 -2.773 -4.92335
229 -2.772 -4.92301
230 -2.771 -4.92267
231 -2.77 -4.92233
232 -2.769 -4.92199
233 -2.768 -4.92164
234 -2.767 -4.9213
235 -2.766 -4.92096
236 -2.765 -4.92062
237 -2.764 -4.92027
238 -2.763 -4.91993
239 -2.762 -4.91959
240 -2.761 -4.91925
241 -2.76 -4.9189
242 -2.759 -4.91856
243 -2.758 -4.91822
244 -2.757 -4.91788
245 -2.756 -4.91753
246 -2.755 -4.91719
247 -2.754 -4.91685
248 -2.753 -4.9165
249 -2.752 -4.91616
250 -2.751 -4.91582
251 -2.75 -4.91548
252 -2.749 -4.91513
253 -2.748 -4.91479
254 -2.747 -4.91445
255 -2.746 -4.9141
256 -2.745 -4.91376
257 -2.744 -4.91342
258 -2.743 -4.91307
259 -2.742 -4.91273
260 -2.741 -4.91239
261 -2.74 -4.91204
262 -2.739 -4.9117
263 -2.738 -4.91136
264 -2.737 -4.91101
265 -2.736 -4.91067
266 -2.735 -4.91033
267 -2.734 -4.90998
268 -2.733 -4.90964
269 -2.732 -4.9093
270 -2.731 -4.90895
271 -2.73 -4.90861
272 -2.729 -4.90826
273 -2.728 -4.90792
274 -2.727 -4.90758
275 -2.726 -4.90723
276 -2.725 -4.90689
277 -2.724 -4.90654
278 -2.723 -4.9062
279 -2.722 -4.90586
280 -2.721 -4.90551
281 -2.72 -4.90517
282 -2.719 -4.90482
283 -2.718 -4.90448
284 -2.717 -4.90413
285 -2.716 -4.90379
286 -2.715 -4.90345
287 -2.714 -4.9031
288 -2.713 -4.90276
289 -2.712 -4.90241
290 -2.711 -4.90207
291 -2.71 -4.90172
292 -2.709 -4.90138
293 -2.708 -4.90103
294 -2.707 -4.90069
295 -2.706 -4.90034
296 -2.705 -4.9
297 -2.704 -4.89966
298 -2.703 -4.89931
299 -2.702 -4.89897
300 -2.701 -4.89862
301 -2.7 -4.89828
302 -2.699 -4.89793
303 -2.698 -4.89759
304 -2.697 -4.89724
305 -2.696 -4.89689
306 -2.695 -4.89655
307 -2.694 -4.8962
308 -2.693 -4.89586
309 -2.692 -4.89551
310 -2.691 -4.89517
311 -2.69 -4.89482
312 -2.689 -4.89448
313 -2.688 -4.89413
314 -2.687 -4.89379
315 -2.686 -4.89344
316 -2.685 -4.8931
317 -2.684 -4.89275
318 -2.683 -4.8924
319 -2.682 -4.89206
320 -2.681 -4.89171
321 -2.68 -4.89137
322 -2.679 -4.89102
323 -2.678 -4.89067
324 -2.677 -4.89033
325 -2.676 -4.88998
326 -2.675 -4.88964
327 -2.674 -4.88929
328 -2.673 -4.88894
329 -2.672 -4.8886
330 -2.671 -4.88825
331 -2.67 -4.88791
332 -2.669 -4.88756
333 -2.668 -4.88721
334 -2.667 -4.88687
335 -2.666 -4.88652
336 -2.665 -4.88617
337 -2.664 -4.88583
338 -2.663 -4.88548
339 -2.662 -4.88513
340 -2.661 -4.88479
341 -2.66 -4.88444
342 -2.659 -4.88409
343 -2.658 -4.88375
344 -2.657 -4.8834
345 -2.656 -4.88305
346 -2.655 -4.88271
347 -2.654 -4.88236
348 -2.653 -4.88201
349 -2.652 -4.88167
350 -2.651 -4.88132
351 -2.65 -4.88097
352 -2.649 -4.88062
353 -2.648 -4.88028
354 -2.647 -4.87993
355 -2.646 -4.87958
356 -2.645 -4.87924
357 -2.644 -4.87889
358 -2.643 -4.87854
359 -2.642 -4.87819
360 -2.641 -4.87785
361 -2.64 -4.8775
362 -2.639 -4.87715
363 -2.638 -4.8768
364 -2.637 -4.87646
365 -2.636 -4.87611
366 -2.635 -4.87576
367 -2.634 -4.87541
368 -2.633 -4.87507
369 -2.632 -4.87472
370 -2.631 -4.87437
371 -2.63 -4.87402
372 -2.629 -4.87367
373 -2.628 -4.87333
374 -2.627 -4.87298
375 -2.626 -4.87263
376 -2.625 -4.87228
377 -2.624 -4.87193
378 -2.623 -4.87158
379 -2.622 -4.87124
380 -2.621 -4.87089
381 -2.62 -4.87054
382 -2.619 -4.87019
383 -2.618 -4.86984
384 -2.617 -4.86949
385 -2.616 -4.86915
386 -2.615 -4.8688
387 -2.614 -4.86845
388 -2.613 -4.8681
389 -2.612 -4.86775
390 -2.611 -4.8674
391 -2.61 -4.86705
392 -2.609 -4.86671
393 -2.608 -4.86636
394 -2.607 -4.86601
395 -2.606 -4.86566
396 -2.605 -4.86531
397 -2.604 -4.86496
398 -2.603 -4.86461
399 -2.602 -4.86426
400 -2.601 -4.86391
401 -2.6 -4.86356
402 -2.599 -4.86321
403 -2.598 -4.86287
404 -2.597 -4.86252
405 -2.596 -4.86217
406 -2.595 -4.86182
407 -2.594 -4.86147
408 -2.593 -4.86112
409 -2.592 -4.86077
410 -2.591 -4.86042
411 -2.59 -4.86007
412 -2.589 -4.85972
413 -2.588 -4.85937
414 -2.587 -4.85902
415 -2.586 -4.85867
416 -2.585 -4.85832
417 -2.584 -4.85797
418 -2.583 -4.85762
419 -2.582 -4.85727
420 -2.581 -4.85692
421 -2.58 -4.85657
422 -2.579 -4.85622
423 -2.578 -4.85587
424 -2.577 -4.85552
425 -2.576 -4.85517
426 -2.575 -4.85482
427 -2.574 -4.85447
428 -2.573 -4.85412
429 -2.572 -4.85377
430 -2.571 -4.85342
431 -2.57 -4.85307
432 -2.569 -4.85272
433 -2.568 -4.85237
434 -2.567 -4.85202
435 -2.566 -4.85167
436 -2.565 -4.85132
437 -2.564 -4.85096
438 -2.563 -4.85061
439 -2.562 -4.85026
440 -2.561 -4.84991
441 -2.56 -4.84956
442 -2.559 -4.84921
443 -2.558 -4.84886
444 -2.557 -4.84851
445 -2.556 -4.84816
446 -2.555 -4.84781
447 -2.554 -4.84746
448 -2.553 -4.8471
449 -2.552 -4.84675
450 -2.551 -4.8464
451 -2.55 -4.84605
452 -2.549 -4.8457
453 -2.548 -4.84535
454 -2.547 -4.845
455 -2.546 -4.84464
456 -2.545 -4.84429
457 -2.544 -4.84394
458 -2.543 -4.84359
459 -2.542 -4.84324
460 -2.541 -4.84289
461 -2.54 -4.84253
462 -2.539 -4.84218
463 -2.538 -4.84183
464 -2.537 -4.84148
465 -2.536 -4.84113
466 -2.535 -4.84077
467 -2.534 -4.84042
468 -2.533 -4.84007
469 -2.532 -4.83972
470 -2.531 -4.83937
471 -2.53 -4.83901
472 -2.529 -4.83866
473 -2.528 -4.83831
474 -2.527 -4.83796
475 -2.526 -4.8376
476 -2.525 -4.83725
477 -2.524 -4.8369
478 -2.523 -4.83655
479 -2.522 -4.83619
480 -2.521 -4.83584
481 -2.52 -4.83549
482 -2.519 -4.83514
483 -2.518 -4.83478
484 -2.517 -4.83443
485 -2.516 -4.83408
486 -2.515 -4.83373
487 -2.514 -4.83337
488 -2.513 -4.83302
489 -2.512 -4.83267
490 -2.511 -4.83231
491 -2.51 -4.83196
492 -2.509 -4.83161
493 -2.508 -4.83125
494 -2.507 -4.8309
495 -2.506 -4.83055
496 -2.505 -4.83019
497 -2.504 -4.82984
498 -2.503 -4.82949
499 -2.502 -4.82913
500 -2.501 -4.82878
501 -2.5 -4.82843
502 -2.499 -4.82807
503 -2.498 -4.82772
504 -2.497 -4.82737
505 -2.496 -4.82701
506 -2.495 -4.82666
507 -2.494 -4.82631
508 -2.493 -4.82595
509 -2.492 -4.8256
510 -2.491 -4.82524
511 -2.49 -4.82489
512 -2.489 -4.82454
513 -2.488 -4.82418
514 -2.487 -4.82383
515 -2.486 -4.82347
516 -2.485 -4.82312
517 -2.484 -4.82276
518 -2.483 -4.82241
519 -2.482 -4.82206
520 -2.481 -4.8217
521 -2.48 -4.82135
522 -2.479 -4.82099
523 -2.478 -4.82064
524 -2.477 -4.82028
525 -2.476 -4.81993
526 -2.475 -4.81957
527 -2.474 -4.81922
528 -2.473 -4.81887
529 -2.472 -4.81851
530 -2.471 -4.81816
531 -2.47 -4.8178
532 -2.469 -4.81745
533 -2.468 -4.81709
534 -2.467 -4.81674
535 -2.466 -4.81638
536 -2.465 -4.81603
537 -2.464 -4.81567
538 -2.463 -4.81532
539 -2.462 -4.81496
540 -2.461 -4.8146
541 -2.46 -4.81425
542 -2.459 -4.81389
543 -2.458 -4.81354
544 -2.457 -4.81318
545 -2.456 -4.81283
546 -2.455 -4.81247
547 -2.454 -4.81212
548 -2.453 -4.81176
549 -2.452 -4.81141
550 -2.451 -4.81105
551 -2.45 -4.81069
552 -2.449 -4.81034
553 -2.448 -4.80998
554 -2.447 -4.80963
555 -2.446 -4.80927
556 -2.445 -4.80891
557 -2.444 -4.80856
558 -2.443 -4.8082
559 -2.442 -4.80785
560 -2.441 -4.80749
561 -2.44 -4.80713
562 -2.439 -4.80678
563 -2.438 -4.80642
564 -2.437 -4.80606
565 -2.436 -4.80571
566 -2.435 -4.80535
567 -2.434 -4.805
568 -2.433 -4.80464
569 -2.432 -4.80428
570 -2.431 -4.80393
571 -2.43 -4.80357
572 -2.429 -4.80321
573 -2.428 -4.80286
574 -2.427 -4.8025
575 -2.426 -4.80214
576 -2.425 -4.80179
577 -2.424 -4.80143
578 -2.423 -4.80107
579 -2.422 -4.80071
580 -2.421 -4.80036
581 -2.42 -4.8
582 -2.419 -4.79964
583 -2.418 -4.79929
584 -2.417 -4.79893
585 -2.416 -4.79857
586 -2.415 -4.79821
587 -2.414 -4.79786
588 -2.413 -4.7975
589 -2.412 -4.79714
590 -2.411 -4.79678
591 -2.41 -4.79643
592 -2.409 -4.79607
593 -2.408 -4.79571
594 -2.407 -4.79535
595 -2.406 -4.795
596 -2.405 -4.79464
597 -2.404 -4.79428
598 -2.403 -4.79392
599 -2.402 -4.79356
600 -2.401 -4.79321
601 -2.4 -4.79285
602 -2.399 -4.79249
603 -2.398 -4.79213
604 -2.397 -4.79177
605 -2.396 -4.79142
606 -2.395 -4.79106
607 -2.394 -4.7907
608 -2.393 -4.79034
609 -2.392 -4.78998
610 -2.391 -4.78962
611 -2.39 -4.78927
612 -2.389 -4.78891
613 -2.388 -4.78855
614 -2.387 -4.78819
615 -2.386 -4.78783
616 -2.385 -4.78747
617 -2.384 -4.78711
618 -2.383 -4.78675
619 -2.382 -4.7864
620 -2.381 -4.78604
621 -2.38 -4.78568
622 -2.379 -4.78532
623 -2.378 -4.78496
624 -2.377 -4.7846
625 -2.376 -4.78424
626 -2.375 -4.78388
627 -2.374 -4.78352
628 -2.373 -4.78316
629 -2.372 -4.7828
630 -2.371 -4.78244
631 -2.37 -4.78209
632 -2.369 -4.78173
633 -2.368 -4.78137
634 -2.367 -4.78101
635 -2.366 -4.78065
636 -2.365 -4.78029
637 -2.364 -4.77993
638 -2.363 -4.77957
639 -2.362 -4.77921
640 -2.361 -4.77885
641 -2.36 -4.77849
642 -2.359 -4.77813
643 -2.358 -4.77777
644 -2.357 -4.77741
645 -2.356 -4.77705
646 -2.355 -4.77669
647 -2.354 -4.77633
648 -2.353 -4.77597
649 -2.352 -4.77561
650 -2.351 -4.77525
651 -2.35 -4.77489
652 -2.349 -4.77453
653 -2.348 -4.77417
654 -2.347 -4.77381
655 -2.346 -4.77345
656 -2.345 -4.77308
657 -2.344 -4.77272
658 -2.343 -4.77236
659 -2.342 -4.772
660 -2.341 -4.77164
661 -2.34 -4.77128
662 -2.339 -4.77092
663 -2.338 -4.77056
664 -2.337 -4.7702
665 -2.336 -4.76984
666 -2.335 -4.76948
667 -2.334 -4.76912
668 -2.333 -4.76875
669 -2.332 -4.76839
670 -2.331 -4.76803
671 -2.33 -4.76767
672 -2.329 -4.76731
673 -2.328 -4.76695
674 -2.327 -4.76659
675 -2.326 -4.76622
676 -2.325 -4.76586
677 -2.324 -4.7655
678 -2.323 -4.76514
679 -2.322 -4.76478
680 -2.321 -4.76442
681 -2.32 -4.76405
682 -2.319 -4.76369
683 -2.318 -4.76333
684 -2.317 -4.76297
685 -2.316 -4.76261
686 -2.315 -4.76225
687 -2.314 -4.76188
688 -2.313 -4.76152
689 -2.312 -4.76116
690 -2.311 -4.7608
691 -2.31 -4.76043
692 -2.309 -4.76007
693 -2.308 -4.75971
694 -2.307 -4.75935
695 -2.306 -4.75899
696 -2.305 -4.75862
697 -2.304 -4.75826
698 -2.303 -4.7579
699 -2.302 -4.75754
700 -2.301 -4.75717
701 -2.3 -4.75681
702 -2.299 -4.75645
703 -2.298 -4.75608
704 -2.297 -4.75572
705 -2.296 -4.75536
706 -2.295 -4.755
707 -2.294 -4.75463
708 -2.293 -4.75427
709 -2.292 -4.75391
710 -2.291 -4.75354
711 -2.29 -4.75318
712 -2.289 -4.75282
713 -2.288 -4.75245
714 -2.287 -4.75209
715 -2.286 -4.75173
716 -2.285 -4.75136
717 -2.284 -4.751
718 -2.283 -4.75064
719 -2.282 -4.75027
720 -2.281 -4.74991
721 -2.28 -4.74955
722 -2.279 -4.74918
723 -2.278 -4.74882
724 -2.277 -4.74845
725 -2.276 -4.74809
726 -2.275 -4.74773
727 -2.274 -4.74736
728 -2.273 -4.747
729 -2.272 -4.74663
730 -2.271 -4.74627
731 -2.27 -4.74591
732 -2.269 -4.74554
733 -2.268 -4.74518
734 -2.267 -4.74481
735 -2.266 -4.74445
736 -2.265 -4.74408
737 -2.264 -4.74372
738 -2.263 -4.74336
739 -2.262 -4.74299
740 -2.261 -4.74263
741 -2.26 -4.74226
742 -2.259 -4.7419
743 -2.258 -4.74153
744 -2.257 -4.74117
745 -2.256 -4.7408
746 -2.255 -4.74044
747 -2.254 -4.74007
748 -2.253 -4.73971
749 -2.252 -4.73934
750 -2.251 -4.73898
751 -2.25 -4.73861
752 -2.249 -4.73825
753 -2.248 -4.73788
754 -2.247 -4.73752
755 -2.246 -4.73715
756 -2.245 -4.73679
757 -2.244 -4.73642
758 -2.243 -4.73606
759 -2.242 -4.73569
760 -2.241 -4.73532
761 -2.24 -4.73496
762 -2.239 -4.73459
763 -2.238 -4.73423
764 -2.237 -4.73386
765 -2.236 -4.7335
766 -2.235 -4.73313
767 -2.234 -4.73276
768 -2.233 -4.7324
769 -2.232 -4.73203
770 -2.231 -4.73167
771 -2.23 -4.7313
772 -2.229 -4.73093
773 -2.228 -4.73057
774 -2.227 -4.7302
775 -2.226 -4.72984
776 -2.225 -4.72947
777 -2.224 -4.7291
778 -2.223 -4.72874
779 -2.222 -4.72837
780 -2.221 -4.728
781 -2.22 -4.72764
782 -2.219 -4.72727
783 -2.218 -4.7269
784 -2.217 -4.72654
785 -2.216 -4.72617
786 -2.215 -4.7258
787 -2.214 -4.72544
788 -2.213 -4.72507
789 -2.212 -4.7247
790 -2.211 -4.72433
791 -2.21 -4.72397
792 -2.209 -4.7236
793 -2.208 -4.72323
794 -2.207 -4.72287
795 -2.206 -4.7225
796 -2.205 -4.72213
797 -2.204 -4.72176
798 -2.203 -4.7214
799 -2.202 -4.72103
800 -2.201 -4.72066
801 -2.2 -4.72029
802 -2.199 -4.71993
803 -2.198 -4.71956
804 -2.197 -4.71919
805 -2.196 -4.71882
806 -2.195 -4.71846
807 -2.194 -4.71809
808 -2.193 -4.71772
809 -2.192 -4.71735
810 -2.191 -4.71698
811 -2.19 -4.71662
812 -2.189 -4.71625
813 -2.188 -4.71588
814 -2.187 -4.71551
815 -2.186 -4.71514
816 -2.185 -4.71477
817 -2.184 -4.71441
818 -2.183 -4.71404
819 -2.182 -4.71367
820 -2.181 -4.7133
821 -2.18 -4.71293
822 -2.179 -4.71256
823 -2.178 -4.71219
824 -2.177 -4.71183
825 -2.176 -4.71146
826 -2.175 -4.71109
827 -2.174 -4.71072
828 -2.173 -4.71035
829 -2.172 -4.70998
830 -2.171 -4.70961
831 -2.17 -4.70924
832 -2.169 -4.70887
833 -2.168 -4.70851
834 -2.167 -4.70814
835 -2.166 -4.70777
836 -2.165 -4.7074
837 -2.164 -4.70703
838 -2.163 -4.70666
839 -2.162 -4.70629
840 -2.161 -4.70592
841 -2.16 -4.70555
842 -2.159 -4.70518
843 -2.158 -4.70481
844 -2.157 -4.70444
845 -2.156 -4.70407
846 -2.155 -4.7037
847 -2.154 -4.70333
848 -2.153 -4.70296
849 -2.152 -4.70259
850 -2.151 -4.70222
851 -2.15 -4.70185
852 -2.149 -4.70148
853 -2.148 -4.70111
854 -2.147 -4.70074
855 -2.146 -4.70037
856 -2.145 -4.7
857 -2.144 -4.69963
858 -2.143 -4.69926
859 -2.142 -4.69889
860 -2.141 -4.69852
861 -2.14 -4.69815
862 -2.139 -4.69778
863 -2.138 -4.69741
864 -2.137 -4.69704
865 -2.136 -4.69666
866 -2.135 -4.69629
867 -2.134 -4.69592
868 -2.133 -4.69555
869 -2.132 -4.69518
870 -2.131 -4.69481
871 -2.13 -4.69444
872 -2.129 -4.69407
873 -2.128 -4.6937
874 -2.127 -4.69333
875 -2.126 -4.69295
876 -2.125 -4.69258
877 -2.124 -4.69221
878 -2.123 -4.69184
879 -2.122 -4.69147
880 -2.121 -4.6911
881 -2.12 -4.69072
882 -2.119 -4.69035
883 -2.118 -4.68998
884 -2.117 -4.68961
885 -2.116 -4.68924
886 -2.115 -4.68887
887 -2.114 -4.68849
888 -2.113 -4.68812
889 -2.112 -4.68775
890 -2.111 -4.68738
891 -2.11 -4.68701
892 -2.109 -4.68663
893 -2.108 -4.68626
894 -2.107 -4.68589
895 -2.106 -4.68552
896 -2.105 -4.68514
897 -2.104 -4.68477
898 -2.103 -4.6844
899 -2.102 -4.68403
900 -2.101 -4.68365
901 -2.1 -4.68328
902 -2.099 -4.68291
903 -2.098 -4.68254
904 -2.097 -4.68216
905 -2.096 -4.68179
906 -2.095 -4.68142
907 -2.094 -4.68104
908 -2.093 -4.68067
909 -2.092 -4.6803
910 -2.091 -4.67993
911 -2.09 -4.67955
912 -2.089 -4.67918
913 -2.088 -4.67881
914 -2.087 -4.67843
915 -2.086 -4.67806
916 -2.085 -4.67769
917 -2.084 -4.67731
918 -2.083 -4.67694
919 -2.082 -4.67656
920 -2.081 -4.67619
921 -2.08 -4.67582
922 -2.079 -4.67544
923 -2.078 -4.67507
924 -2.077 -4.6747
925 -2.076 -4.67432
926 -2.075 -4.67395
927 -2.074 -4.67357
928 -2.073 -4.6732
929 -2.072 -4.67283
930 -2.071 -4.67245
931 -2.07 -4.67208
932 -2.069 -4.6717
933 -2.068 -4.67133
934 -2.067 -4.67095
935 -2.066 -4.67058
936 -2.065 -4.67021
937 -2.064 -4.66983
938 -2.063 -4.66946
939 -2.062 -4.66908
940 -2.061 -4.66871
941 -2.06 -4.66833
942 -2.059 -4.66796
943 -2.058 -4.66758
944 -2.057 -4.66721
945 -2.056 -4.66683
946 -2.055 -4.66646
947 -2.054 -4.66608
948 -2.053 -4.66571
949 -2.052 -4.66533
950 -2.051 -4.66496
951 -2.05 -4.66458
952 -2.049 -4.66421
953 -2.048 -4.66383
954 -2.047 -4.66346
955 -2.046 -4.66308
956 -2.045 -4.66271
957 -2.044 -4.66233
958 -2.043 -4.66195
959 -2.042 -4.66158
960 -2.041 -4.6612
961 -2.04 -4.66083
962 -2.039 -4.66045
963 -2.038 -4.66008
964 -2.037 -4.6597
965 -2.036 -4.65932
966 -2.035 -4.65895
967 -2.034 -4.65857
968 -2.033 -4.65819
969 -2.032 -4.65782
970 -2.031 -4.65744
971 -2.03 -4.65707
972 -2.029 -4.65669
973 -2.028 -4.65631
974 -2.027 -4.65594
975 -2.026 -4.65556
976 -2.025 -4.65518
977 -2.024 -4.65481
978 -2.023 -4.65443
979 -2.022 -4.65405
980 -2.021 -4.65368
981 -2.02 -4.6533
982 -2.019 -4.65292
983 -2.018 -4.65255
984 -2.017 -4.65217
985 -2.016 -4.65179
986 -2.015 -4.65141
987 -2.014 -4.65104
988 -2.013 -4.65066
989 -2.012 -4.65028
990 -2.011 -4.64991
991 -2.01 -4.64953
992 -2.009 -4.64915
993 -2.008 -4.64877
994 -2.007 -4.6484
995 -2.006 -4.64802
996 -2.005 -4.64764
997 -2.004 -4.64726
998 -2.003 -4.64688
999 -2.002 -4.64651
1000 -2.001 -4.64613
1001 -2 -4.64575
1002 -1.999 -4.64537
1003 -1.998 -4.645
1004 -1.997 -4.64462
1005 -1.996 -4.64424
1006 -1.995 -4.64386
1007 -1.994 -4.64348
1008 -1.993 -4.6431
1009 -1.992 -4.64273
1010 -1.991 -4.64235
1011 -1.99 -4.64197
1012 -1.989 -4.64159
1013 -1.988 -4.64121
1014 -1.987 -4.64083
1015 -1.986 -4.64045
1016 -1.985 -4.64008
1017 -1.984 -4.6397
1018 -1.983 -4.63932
1019 -1.982 -4.63894
1020 -1.981 -4.63856
1021 -1.98 -4.63818
1022 -1.979 -4.6378
1023 -1.978 -4.63742
1024 -1.977 -4.63704
1025 -1.976 -4.63666
1026 -1.975 -4.63629
1027 -1.974 -4.63591
1028 -1.973 -4.63553
1029 -1.972 -4.63515
1030 -1.971 -4.63477
1031 -1.97 -4.63439
1032 -1.969 -4.63401
1033 -1.968 -4.63363
1034 -1.967 -4.63325
1035 -1.966 -4.63287
1036 -1.965 -4.63249
1037 -1.964 -4.63211
1038 -1.963 -4.63173
1039 -1.962 -4.63135
1040 -1.961 -4.63097
1041 -1.96 -4.63059
1042 -1.959 -4.63021
1043 -1.958 -4.62983
1044 -1.957 -4.62945
1045 -1.956 -4.62907
1046 -1.955 -4.62869
1047 -1.954 -4.62831
1048 -1.953 -4.62793
1049 -1.952 -4.62755
1050 -1.951 -4.62717
1051 -1.95 -4.62679
1052 -1.949 -4.6264
1053 -1.948 -4.62602
1054 -1.947 -4.62564
1055 -1.946 -4.62526
1056 -1.945 -4.62488
1057 -1.944 -4.6245
1058 -1.943 -4.62412
1059 -1.942 -4.62374
1060 -1.941 -4.62336
1061 -1.94 -4.62298
1062 -1.939 -4.62259
1063 -1.938 -4.62221
1064 -1.937 -4.62183
1065 -1.936 -4.62145
1066 -1.935 -4.62107
1067 -1.934 -4.62069
1068 -1.933 -4.62031
1069 -1.932 -4.61992
1070 -1.931 -4.61954
1071 -1.93 -4.61916
1072 -1.929 -4.61878
1073 -1.928 -4.6184
1074 -1.927 -4.61801
1075 -1.926 -4.61763
1076 -1.925 -4.61725
1077 -1.924 -4.61687
1078 -1.923 -4.61649
1079 -1.922 -4.6161
1080 -1.921 -4.61572
1081 -1.92 -4.61534
1082 -1.919 -4.61496
1083 -1.918 -4.61457
1084 -1.917 -4.61419
1085 -1.916 -4.61381
1086 -1.915 -4.61343
1087 -1.914 -4.61304
1088 -1.913 -4.61266
1089 -1.912 -4.61228
1090 -1.911 -4.6119
1091 -1.91 -4.61151
1092 -1.909 -4.61113
1093 -1.908 -4.61075
1094 -1.907 -4.61036
1095 -1.906 -4.60998
1096 -1.905 -4.6096
1097 -1.904 -4.60921
1098 -1.903 -4.60883
1099 -1.902 -4.60845
1100 -1.901 -4.60806
1101 -1.9 -4.60768
1102 -1.899 -4.6073
1103 -1.898 -4.60691
1104 -1.897 -4.60653
1105 -1.896 -4.60615
1106 -1.895 -4.60576
1107 -1.894 -4.60538
1108 -1.893 -4.605
1109 -1.892 -4.60461
1110 -1.891 -4.60423
1111 -1.89 -4.60384
1112 -1.889 -4.60346
1113 -1.888 -4.60308
1114 -1.887 -4.60269
1115 -1.886 -4.60231
1116 -1.885 -4.60192
1117 -1.884 -4.60154
1118 -1.883 -4.60115
1119 -1.882 -4.60077
1120 -1.881 -4.60038
1121 -1.88 -4.6
1122 -1.879 -4.59962
1123 -1.878 -4.59923
1124 -1.877 -4.59885
1125 -1.876 -4.59846
1126 -1.875 -4.59808
1127 -1.874 -4.59769
1128 -1.873 -4.59731
1129 -1.872 -4.59692
1130 -1.871 -4.59654
1131 -1.87 -4.59615
1132 -1.869 -4.59577
1133 -1.868 -4.59538
1134 -1.867 -4.595
1135 -1.866 -4.59461
1136 -1.865 -4.59422
1137 -1.864 -4.59384
1138 -1.863 -4.59345
1139 -1.862 -4.59307
1140 -1.861 -4.59268
1141 -1.86 -4.5923
1142 -1.859 -4.59191
1143 -1.858 -4.59152
1144 -1.857 -4.59114
1145 -1.856 -4.59075
1146 -1.855 -4.59037
1147 -1.854 -4.58998
1148 -1.853 -4.58959
1149 -1.852 -4.58921
1150 -1.851 -4.58882
1151 -1.85 -4.58844
1152 -1.849 -4.58805
1153 -1.848 -4.58766
1154 -1.847 -4.58728
1155 -1.846 -4.58689
1156 -1.845 -4.5865
1157 -1.844 -4.58612
1158 -1.843 -4.58573
1159 -1.842 -4.58534
1160 -1.841 -4.58496
1161 -1.84 -4.58457
1162 -1.839 -4.58418
1163 -1.838 -4.5838
1164 -1.837 -4.58341
1165 -1.836 -4.58302
1166 -1.835 -4.58263
1167 -1.834 -4.58225
1168 -1.833 -4.58186
1169 -1.832 -4.58147
1170 -1.831 -4.58109
1171 -1.83 -4.5807
1172 -1.829 -4.58031
1173 -1.828 -4.57992
1174 -1.827 -4.57953
1175 -1.826 -4.57915
1176 -1.825 -4.57876
1177 -1.824 -4.57837
1178 -1.823 -4.57798
1179 -1.822 -4.5776
1180 -1.821 -4.57721
1181 -1.82 -4.57682
1182 -1.819 -4.57643
1183 -1.818 -4.57604
1184 -1.817 -4.57566
1185 -1.816 -4.57527
1186 -1.815 -4.57488
1187 -1.814 -4.57449
1188 -1.813 -4.5741
1189 -1.812 -4.57371
1190 -1.811 -4.57332
1191 -1.81 -4.57294
1192 -1.809 -4.57255
1193 -1.808 -4.57216
1194 -1.807 -4.57177
1195 -1.806 -4.57138
1196 -1.805 -4.57099
1197 -1.804 -4.5706
1198 -1.803 -4.57021
1199 -1.802 -4.56982
1200 -1.801 -4.56944
1201 -1.8 -4.56905
1202 -1.799 -4.56866
1203 -1.798 -4.56827
1204 -1.797 -4.56788
1205 -1.796 -4.56749
1206 -1.795 -4.5671
1207 -1.794 -4.56671
1208 -1.793 -4.56632
1209 -1.792 -4.56593
1210 -1.791 -4.56554
1211 -1.79 -4.56515
1212 -1.789 -4.56476
1213 -1.788 -4.56437
1214 -1.787 -4.56398
1215 -1.786 -4.56359
1216 -1.785 -4.5632
1217 -1.784 -4.56281
1218 -1.783 -4.56242
1219 -1.782 -4.56203
1220 -1.781 -4.56164
1221 -1.78 -4.56125
1222 -1.779 -4.56086
1223 -1.778 -4.56047
1224 -1.777 -4.56008
1225 -1.776 -4.55969
1226 -1.775 -4.5593
1227 -1.774 -4.55891
1228 -1.773 -4.55852
1229 -1.772 -4.55812
1230 -1.771 -4.55773
1231 -1.77 -4.55734
1232 -1.769 -4.55695
1233 -1.768 -4.55656
1234 -1.767 -4.55617
1235 -1.766 -4.55578
1236 -1.765 -4.55539
1237 -1.764 -4.555
1238 -1.763 -4.5546
1239 -1.762 -4.55421
1240 -1.761 -4.55382
1241 -1.76 -4.55343
1242 -1.759 -4.55304
1243 -1.758 -4.55265
1244 -1.757 -4.55225
1245 -1.756 -4.55186
1246 -1.755 -4.55147
1247 -1.754 -4.55108
1248 -1.753 -4.55069
1249 -1.752 -4.55029
1250 -1.751 -4.5499
1251 -1.75 -4.54951
1252 -1.749 -4.54912
1253 -1.748 -4.54873
1254 -1.747 -4.54833
1255 -1.746 -4.54794
1256 -1.745 -4.54755
1257 -1.744 -4.54716
1258 -1.743 -4.54676
1259 -1.742 -4.54637
1260 -1.741 -4.54598
1261 -1.74 -4.54558
1262 -1.739 -4.54519
1263 -1.738 -4.5448
1264 -1.737 -4.54441
1265 -1.736 -4.54401
1266 -1.735 -4.54362
1267 -1.734 -4.54323
1268 -1.733 -4.54283
1269 -1.732 -4.54244
1270 -1.731 -4.54205
1271 -1.73 -4.54165
1272 -1.729 -4.54126
1273 -1.728 -4.54087
1274 -1.727 -4.54047
1275 -1.726 -4.54008
1276 -1.725 -4.53969
1277 -1.724 -4.53929
1278 -1.723 -4.5389
1279 -1.722 -4.5385
1280 -1.721 -4.53811
1281 -1.72 -4.53772
1282 -1.719 -4.53732
1283 -1.718 -4.53693
1284 -1.717 -4.53653
1285 -1.716 -4.53614
1286 -1.715 -4.53574
1287 -1.714 -4.53535
1288 -1.713 -4.53496
1289 -1.712 -4.53456
1290 -1.711 -4.53417
1291 -1.71 -4.53377
1292 -1.709 -4.53338
1293 -1.708 -4.53298
1294 -1.707 -4.53259
1295 -1.706 -4.53219
1296 -1.705 -4.5318
1297 -1.704 -4.5314
1298 -1.703 -4.53101
1299 -1.702 -4.53061
1300 -1.701 -4.53022
1301 -1.7 -4.52982
1302 -1.699 -4.52943
1303 -1.698 -4.52903
1304 -1.697 -4.52864
1305 -1.696 -4.52824
1306 -1.695 -4.52784
1307 -1.694 -4.52745
1308 -1.693 -4.52705
1309 -1.692 -4.52666
1310 -1.691 -4.52626
1311 -1.69 -4.52587
1312 -1.689 -4.52547
1313 -1.688 -4.52507
1314 -1.687 -4.52468
1315 -1.686 -4.52428
1316 -1.685 -4.52389
1317 -1.684 -4.52349
1318 -1.683 -4.52309
1319 -1.682 -4.5227
1320 -1.681 -4.5223
1321 -1.68 -4.5219
1322 -1.679 -4.52151
1323 -1.678 -4.52111
1324 -1.677 -4.52071
1325 -1.676 -4.52032
1326 -1.675 -4.51992
1327 -1.674 -4.51952
1328 -1.673 -4.51913
1329 -1.672 -4.51873
1330 -1.671 -4.51833
1331 -1.67 -4.51794
1332 -1.669 -4.51754
1333 -1.668 -4.51714
1334 -1.667 -4.51674
1335 -1.666 -4.51635
1336 -1.665 -4.51595
1337 -1.664 -4.51555
1338 -1.663 -4.51515
1339 -1.662 -4.51476
1340 -1.661 -4.51436
1341 -1.66 -4.51396
1342 -1.659 -4.51356
1343 -1.658 -4.51317
1344 -1.657 -4.51277
1345 -1.656 -4.51237
1346 -1.655 -4.51197
1347 -1.654 -4.51157
1348 -1.653 -4.51118
1349 -1.652 -4.51078
1350 -1.651 -4.51038
1351 -1.65 -4.50998
1352 -1.649 -4.50958
1353 -1.648 -4.50918
1354 -1.647 -4.50878
1355 -1.646 -4.50839
1356 -1.645 -4.50799
1357 -1.644 -4.50759
1358 -1.643 -4.50719
1359 -1.642 -4.50679
1360 -1.641 -4.50639
1361 -1.64 -4.50599
1362 -1.639 -4.50559
1363 -1.638 -4.50519
1364 -1.637 -4.5048
1365 -1.636 -4.5044
1366 -1.635 -4.504
1367 -1.634 -4.5036
1368 -1.633 -4.5032
1369 -1.632 -4.5028
1370 -1.631 -4.5024
1371 -1.63 -4.502
1372 -1.629 -4.5016
1373 -1.628 -4.5012
1374 -1.627 -4.5008
1375 -1.626 -4.5004
1376 -1.625 -4.5
1377 -1.624 -4.4996
1378 -1.623 -4.4992
1379 -1.622 -4.4988
1380 -1.621 -4.4984
1381 -1.62 -4.498
1382 -1.619 -4.4976
1383 -1.618 -4.4972
1384 -1.617 -4.4968
1385 -1.616 -4.4964
1386 -1.615 -4.496
1387 -1.614 -4.4956
1388 -1.613 -4.4952
1389 -1.612 -4.49479
1390 -1.611 -4.49439
1391 -1.61 -4.49399
1392 -1.609 -4.49359
1393 -1.608 -4.49319
1394 -1.607 -4.49279
1395 -1.606 -4.49239
1396 -1.605 -4.49199
1397 -1.604 -4.49159
1398 -1.603 -4.49118
1399 -1.602 -4.49078
1400 -1.601 -4.49038
1401 -1.6 -4.48998
1402 -1.599 -4.48958
1403 -1.598 -4.48918
1404 -1.597 -4.48877
1405 -1.596 -4.48837
1406 -1.595 -4.48797
1407 -1.594 -4.48757
1408 -1.593 -4.48717
1409 -1.592 -4.48676
1410 -1.591 -4.48636
1411 -1.59 -4.48596
1412 -1.589 -4.48556
1413 -1.588 -4.48516
1414 -1.587 -4.48475
1415 -1.586 -4.48435
1416 -1.585 -4.48395
1417 -1.584 -4.48355
1418 -1.583 -4.48314
1419 -1.582 -4.48274
1420 -1.581 -4.48234
1421 -1.58 -4.48193
1422 -1.579 -4.48153
1423 -1.578 -4.48113
1424 -1.577 -4.48073
1425 -1.576 -4.48032
1426 -1.575 -4.47992
1427 -1.574 -4.47952
1428 -1.573 -4.47911
1429 -1.572 -4.47871
1430 -1.571 -4.47831
1431 -1.57 -4.4779
1432 -1.569 -4.4775
1433 -1.568 -4.4771
1434 -1.567 -4.47669
1435 -1.566 -4.47629
1436 -1.565 -4.47588
1437 -1.564 -4.47548
1438 -1.563 -4.47508
1439 -1.562 -4.47467
1440 -1.561 -4.47427
1441 -1.56 -4.47386
1442 -1.559 -4.47346
1443 -1.558 -4.47305
1444 -1.557 -4.47265
1445 -1.556 -4.47225
1446 -1.555 -4.47184
1447 -1.554 -4.47144
1448 -1.553 -4.47103
1449 -1.552 -4.47063
1450 -1.551 -4.47022
1451 -1.55 -4.46982
1452 -1.549 -4.46941
1453 -1.548 -4.46901
1454 -1.547 -4.4686
1455 -1.546 -4.4682
1456 -1.545 -4.46779
1457 -1.544 -4.46739
1458 -1.543 -4.46698
1459 -1.542 -4.46658
1460 -1.541 -4.46617
1461 -1.54 -4.46577
1462 -1.539 -4.46536
1463 -1.538 -4.46495
1464 -1.537 -4.46455
1465 -1.536 -4.46414
1466 -1.535 -4.46374
1467 -1.534 -4.46333
1468 -1.533 -4.46293
1469 -1.532 -4.46252
1470 -1.531 -4.46211
1471 -1.53 -4.46171
1472 -1.529 -4.4613
1473 -1.528 -4.46089
1474 -1.527 -4.46049
1475 -1.526 -4.46008
1476 -1.525 -4.45967
1477 -1.524 -4.45927
1478 -1.523 -4.45886
1479 -1.522 -4.45845
1480 -1.521 -4.45805
1481 -1.52 -4.45764
1482 -1.519 -4.45723
1483 -1.518 -4.45683
1484 -1.517 -4.45642
1485 -1.516 -4.45601
1486 -1.515 -4.45561
1487 -1.514 -4.4552
1488 -1.513 -4.45479
1489 -1.512 -4.45438
1490 -1.511 -4.45398
1491 -1.51 -4.45357
1492 -1.509 -4.45316
1493 -1.508 -4.45275
1494 -1.507 -4.45235
1495 -1.506 -4.45194
1496 -1.505 -4.45153
1497 -1.504 -4.45112
1498 -1.503 -4.45071
1499 -1.502 -4.45031
1500 -1.501 -4.4499
1501 -1.5 -4.44949
1502 -1.499 -4.44908
1503 -1.498 -4.44867
1504 -1.497 -4.44826
1505 -1.496 -4.44786
1506 -1.495 -4.44745
1507 -1.494 -4.44704
1508 -1.493 -4.44663
1509 -1.492 -4.44622
1510 -1.491 -4.44581
1511 -1.49 -4.4454
1512 -1.489 -4.44499
1513 -1.488 -4.44459
1514 -1.487 -4.44418
1515 -1.486 -4.44377
1516 -1.485 -4.44336
1517 -1.484 -4.44295
1518 -1.483 -4.44254
1519 -1.482 -4.44213
1520 -1.481 -4.44172
1521 -1.48 -4.44131
1522 -1.479 -4.4409
1523 -1.478 -4.44049
1524 -1.477 -4.44008
1525 -1.476 -4.43967
1526 -1.475 -4.43926
1527 -1.474 -4.43885
1528 -1.473 -4.43844
1529 -1.472 -4.43803
1530 -1.471 -4.43762
1531 -1.47 -4.43721
1532 -1.469 -4.4368
1533 -1.468 -4.43639
1534 -1.467 -4.43598
1535 -1.466 -4.43557
1536 -1.465 -4.43516
1537 -1.464 -4.43475
1538 -1.463 -4.43434
1539 -1.462 -4.43393
1540 -1.461 -4.43352
1541 -1.46 -4.43311
1542 -1.459 -4.43269
1543 -1.458 -4.43228
1544 -1.457 -4.43187
1545 -1.456 -4.43146
1546 -1.455 -4.43105
1547 -1.454 -4.43064
1548 -1.453 -4.43023
1549 -1.452 -4.42981
1550 -1.451 -4.4294
1551 -1.45 -4.42899
1552 -1.449 -4.42858
1553 -1.448 -4.42817
1554 -1.447 -4.42776
1555 -1.446 -4.42734
1556 -1.445 -4.42693
1557 -1.444 -4.42652
1558 -1.443 -4.42611
1559 -1.442 -4.4257
1560 -1.441 -4.42528
1561 -1.44 -4.42487
1562 -1.439 -4.42446
1563 -1.438 -4.42405
1564 -1.437 -4.42363
1565 -1.436 -4.42322
1566 -1.435 -4.42281
1567 -1.434 -4.4224
1568 -1.433 -4.42198
1569 -1.432 -4.42157
1570 -1.431 -4.42116
1571 -1.43 -4.42074
1572 -1.429 -4.42033
1573 -1.428 -4.41992
1574 -1.427 -4.4195
1575 -1.426 -4.41909
1576 -1.425 -4.41868
1577 -1.424 -4.41826
1578 -1.423 -4.41785
1579 -1.422 -4.41744
1580 -1.421 -4.41702
1581 -1.42 -4.41661
1582 -1.419 -4.4162
1583 -1.418 -4.41578
1584 -1.417 -4.41537
1585 -1.416 -4.41495
1586 -1.415 -4.41454
1587 -1.414 -4.41413
1588 -1.413 -4.41371
1589 -1.412 -4.4133
1590 -1.411 -4.41288
1591 -1.41 -4.41247
1592 -1.409 -4.41205
1593 -1.408 -4.41164
1594 -1.407 -4.41122
1595 -1.406 -4.41081
1596 -1.405 -4.41039
1597 -1.404 -4.40998
1598 -1.403 -4.40956
1599 -1.402 -4.40915
1600 -1.401 -4.40873
1601 -1.4 -4.40832
1602 -1.399 -4.4079
1603 -1.398 -4.40749
1604 -1.397 -4.40707
1605 -1.396 -4.40666
1606 -1.395 -4.40624
1607 -1.394 -4.40583
1608 -1.393 -4.40541
1609 -1.392 -4.40499
1610 -1.391 -4.40458
1611 -1.39 -4.40416
1612 -1.389 -4.40375
1613 -1.388 -4.40333
1614 -1.387 -4.40291
1615 -1.386 -4.4025
1616 -1.385 -4.40208
1617 -1.384 -4.40167
1618 -1.383 -4.40125
1619 -1.382 -4.40083
1620 -1.381 -4.40042
1621 -1.38 -4.4
1622 -1.379 -4.39958
1623 -1.378 -4.39917
1624 -1.377 -4.39875
1625 -1.376 -4.39833
1626 -1.375 -4.39792
1627 -1.374 -4.3975
1628 -1.373 -4.39708
1629 -1.372 -4.39666
1630 -1.371 -4.39625
1631 -1.37 -4.39583
1632 -1.369 -4.39541
1633 -1.368 -4.39499
1634 -1.367 -4.39458
1635 -1.366 -4.39416
1636 -1.365 -4.39374
1637 -1.364 -4.39332
1638 -1.363 -4.39291
1639 -1.362 -4.39249
1640 -1.361 -4.39207
1641 -1.36 -4.39165
1642 -1.359 -4.39123
1643 -1.358 -4.39082
1644 -1.357 -4.3904
1645 -1.356 -4.38998
1646 -1.355 -4.38956
1647 -1.354 -4.38914
1648 -1.353 -4.38872
1649 -1.352 -4.3883
1650 -1.351 -4.38789
1651 -1.35 -4.38747
1652 -1.349 -4.38705
1653 -1.348 -4.38663
1654 -1.347 -4.38621
1655 -1.346 -4.38579
1656 -1.345 -4.38537
1657 -1.344 -4.38495
1658 -1.343 -4.38453
1659 -1.342 -4.38411
1660 -1.341 -4.38369
1661 -1.34 -4.38328
1662 -1.339 -4.38286
1663 -1.338 -4.38244
1664 -1.337 -4.38202
1665 -1.336 -4.3816
1666 -1.335 -4.38118
1667 -1.334 -4.38076
1668 -1.333 -4.38034
1669 -1.332 -4.37992
1670 -1.331 -4.3795
1671 -1.33 -4.37908
1672 -1.329 -4.37866
1673 -1.328 -4.37823
1674 -1.327 -4.37781
1675 -1.326 -4.37739
1676 -1.325 -4.37697
1677 -1.324 -4.37655
1678 -1.323 -4.37613
1679 -1.322 -4.37571
1680 -1.321 -4.37529
1681 -1.32 -4.37487
1682 -1.319 -4.37445
1683 -1.318 -4.37403
1684 -1.317 -4.3736
1685 -1.316 -4.37318
1686 -1.315 -4.37276
1687 -1.314 -4.37234
1688 -1.313 -4.37192
1689 -1.312 -4.3715
1690 -1.311 -4.37108
1691 -1.31 -4.37065
1692 -1.309 -4.37023
1693 -1.308 -4.36981
1694 -1.307 -4.36939
1695 -1.306 -4.36897
1696 -1.305 -4.36854
1697 -1.304 -4.36812
1698 -1.303 -4.3677
1699 -1.302 -4.36728
1700 -1.301 -4.36685
1701 -1.3 -4.36643
1702 -1.299 -4.36601
1703 -1.298 -4.36559
1704 -1.297 -4.36516
1705 -1.296 -4.36474
1706 -1.295 -4.36432
1707 -1.294 -4.3639
1708 -1.293 -4.36347
1709 -1.292 -4.36305
1710 -1.291 -4.36263
1711 -1.29 -4.3622
1712 -1.289 -4.36178
1713 -1.288 -4.36136
1714 -1.287 -4.36093
1715 -1.286 -4.36051
1716 -1.285 -4.36008
1717 -1.284 -4.35966
1718 -1.283 -4.35924
1719 -1.282 -4.35881
1720 -1.281 -4.35839
1721 -1.28 -4.35797
1722 -1.279 -4.35754
1723 -1.278 -4.35712
1724 -1.277 -4.35669
1725 -1.276 -4.35627
1726 -1.275 -4.35584
1727 -1.274 -4.35542
1728 -1.273 -4.35499
1729 -1.272 -4.35457
1730 -1.271 -4.35415
1731 -1.27 -4.35372
1732 -1.269 -4.3533
1733 -1.268 -4.35287
1734 -1.267 -4.35245
1735 -1.266 -4.35202
1736 -1.265 -4.3516
1737 -1.264 -4.35117
1738 -1.263 -4.35074
1739 -1.262 -4.35032
1740 -1.261 -4.34989
1741 -1.26 -4.34947
1742 -1.259 -4.34904
1743 -1.258 -4.34862
1744 -1.257 -4.34819
1745 -1.256 -4.34776
1746 -1.255 -4.34734
1747 -1.254 -4.34691
1748 -1.253 -4.34649
1749 -1.252 -4.34606
1750 -1.251 -4.34563
1751 -1.25 -4.34521
1752 -1.249 -4.34478
1753 -1.248 -4.34435
1754 -1.247 -4.34393
1755 -1.246 -4.3435
1756 -1.245 -4.34307
1757 -1.244 -4.34265
1758 -1.243 -4.34222
1759 -1.242 -4.34179
1760 -1.241 -4.34137
1761 -1.24 -4.34094
1762 -1.239 -4.34051
1763 -1.238 -4.34009
1764 -1.237 -4.33966
1765 -1.236 -4.33923
1766 -1.235 -4.3388
1767 -1.234 -4.33838
1768 -1.233 -4.33795
1769 -1.232 -4.33752
1770 -1.231 -4.33709
1771 -1.23 -4.33666
1772 -1.229 -4.33624
1773 -1.228 -4.33581
1774 -1.227 -4.33538
1775 -1.226 -4.33495
1776 -1.225 -4.33452
1777 -1.224 -4.3341
1778 -1.223 -4.33367
1779 -1.222 -4.33324
1780 -1.221 -4.33281
1781 -1.22 -4.33238
1782 -1.219 -4.33195
1783 -1.218 -4.33152
1784 -1.217 -4.33109
1785 -1.216 -4.33067
1786 -1.215 -4.33024
1787 -1.214 -4.32981
1788 -1.213 -4.32938
1789 -1.212 -4.32895
1790 -1.211 -4.32852
1791 -1.21 -4.32809
1792 -1.209 -4.32766
1793 -1.208 -4.32723
1794 -1.207 -4.3268
1795 -1.206 -4.32637
1796 -1.205 -4.32594
1797 -1.204 -4.32551
1798 -1.203 -4.32508
1799 -1.202 -4.32465
1800 -1.201 -4.32422
1801 -1.2 -4.32379
1802 -1.199 -4.32336
1803 -1.198 -4.32293
1804 -1.197 -4.3225
1805 -1.196 -4.32207
1806 -1.195 -4.32164
1807 -1.194 -4.32121
1808 -1.193 -4.32078
1809 -1.192 -4.32034
1810 -1.191 -4.31991
1811 -1.19 -4.31948
1812 -1.189 -4.31905
1813 -1.188 -4.31862
1814 -1.187 -4.31819
1815 -1.186 -4.31776
1816 -1.185 -4.31733
1817 -1.184 -4.31689
1818 -1.183 -4.31646
1819 -1.182 -4.31603
1820 -1.181 -4.3156
1821 -1.18 -4.31517
1822 -1.179 -4.31474
1823 -1.178 -4.3143
1824 -1.177 -4.31387
1825 -1.176 -4.31344
1826 -1.175 -4.31301
1827 -1.174 -4.31257
1828 -1.173 -4.31214
1829 -1.172 -4.31171
1830 -1.171 -4.31128
1831 -1.17 -4.31084
1832 -1.169 -4.31041
1833 -1.168 -4.30998
1834 -1.167 -4.30955
1835 -1.166 -4.30911
1836 -1.165 -4.30868
1837 -1.164 -4.30825
1838 -1.163 -4.30781
1839 -1.162 -4.30738
1840 -1.161 -4.30695
1841 -1.16 -4.30651
1842 -1.159 -4.30608
1843 -1.158 -4.30565
1844 -1.157 -4.30521
1845 -1.156 -4.30478
1846 -1.155 -4.30434
1847 -1.154 -4.30391
1848 -1.153 -4.30348
1849 -1.152 -4.30304
1850 -1.151 -4.30261
1851 -1.15 -4.30217
1852 -1.149 -4.30174
1853 -1.148 -4.3013
1854 -1.147 -4.30087
1855 -1.146 -4.30043
1856 -1.145 -4.3
1857 -1.144 -4.29957
1858 -1.143 -4.29913
1859 -1.142 -4.2987
1860 -1.141 -4.29826
1861 -1.14 -4.29783
1862 -1.139 -4.29739
1863 -1.138 -4.29695
1864 -1.137 -4.29652
1865 -1.136 -4.29608
1866 -1.135 -4.29565
1867 -1.134 -4.29521
1868 -1.133 -4.29478
1869 -1.132 -4.29434
1870 -1.131 -4.2939
1871 -1.13 -4.29347
1872 -1.129 -4.29303
1873 -1.128 -4.2926
1874 -1.127 -4.29216
1875 -1.126 -4.29172
1876 -1.125 -4.29129
1877 -1.124 -4.29085
1878 -1.123 -4.29041
1879 -1.122 -4.28998
1880 -1.121 -4.28954
1881 -1.12 -4.2891
1882 -1.119 -4.28867
1883 -1.118 -4.28823
1884 -1.117 -4.28779
1885 -1.116 -4.28736
1886 -1.115 -4.28692
1887 -1.114 -4.28648
1888 -1.113 -4.28604
1889 -1.112 -4.28561
1890 -1.111 -4.28517
1891 -1.11 -4.28473
1892 -1.109 -4.28429
1893 -1.108 -4.28386
1894 -1.107 -4.28342
1895 -1.106 -4.28298
1896 -1.105 -4.28254
1897 -1.104 -4.2821
1898 -1.103 -4.28167
1899 -1.102 -4.28123
1900 -1.101 -4.28079
1901 -1.1 -4.28035
1902 -1.099 -4.27991
1903 -1.098 -4.27947
1904 -1.097 -4.27903
1905 -1.096 -4.2786
1906 -1.095 -4.27816
1907 -1.094 -4.27772
1908 -1.093 -4.27728
1909 -1.092 -4.27684
1910 -1.091 -4.2764
1911 -1.09 -4.27596
1912 -1.089 -4.27552
1913 -1.088 -4.27508
1914 -1.087 -4.27464
1915 -1.086 -4.2742
1916 -1.085 -4.27376
1917 -1.084 -4.27332
1918 -1.083 -4.27288
1919 -1.082 -4.27244
1920 -1.081 -4.272
1921 -1.08 -4.27156
1922 -1.079 -4.27112
1923 -1.078 -4.27068
1924 -1.077 -4.27024
1925 -1.076 -4.2698
1926 -1.075 -4.26936
1927 -1.074 -4.26892
1928 -1.073 -4.26848
1929 -1.072 -4.26804
1930 -1.071 -4.2676
1931 -1.07 -4.26716
1932 -1.069 -4.26672
1933 -1.068 -4.26627
1934 -1.067 -4.26583
1935 -1.066 -4.26539
1936 -1.065 -4.26495
1937 -1.064 -4.26451
1938 -1.063 -4.26407
1939 -1.062 -4.26363
1940 -1.061 -4.26318
1941 -1.06 -4.26274
1942 -1.059 -4.2623
1943 -1.058 -4.26186
1944 -1.057 -4.26142
1945 -1.056 -4.26097
1946 -1.055 -4.26053
1947 -1.054 -4.26009
1948 -1.053 -4.25965
1949 -1.052 -4.2592
1950 -1.051 -4.25876
1951 -1.05 -4.25832
1952 -1.049 -4.25788
1953 -1.048 -4.25743
1954 -1.047 -4.25699
1955 -1.046 -4.25655
1956 -1.045 -4.2561
1957 -1.044 -4.25566
1958 -1.043 -4.25522
1959 -1.042 -4.25477
1960 -1.041 -4.25433
1961 -1.04 -4.25389
1962 -1.039 -4.25344
1963 -1.038 -4.253
1964 -1.037 -4.25255
1965 -1.036 -4.25211
1966 -1.035 -4.25167
1967 -1.034 -4.25122
1968 -1.033 -4.25078
1969 -1.032 -4.25033
1970 -1.031 -4.24989
1971 -1.03 -4.24944
1972 -1.029 -4.249
1973 -1.028 -4.24856
1974 -1.027 -4.24811
1975 -1.026 -4.24767
1976 -1.025 -4.24722
1977 -1.024 -4.24678
1978 -1.023 -4.24633
1979 -1.022 -4.24589
1980 -1.021 -4.24544
1981 -1.02 -4.24499
1982 -1.019 -4.24455
1983 -1.018 -4.2441
1984 -1.017 -4.24366
1985 -1.016 -4.24321
1986 -1.015 -4.24277
1987 -1.014 -4.24232
1988 -1.013 -4.24187
1989 -1.012 -4.24143
1990 -1.011 -4.24098
1991 -1.01 -4.24054
1992 -1.009 -4.24009
1993 -1.008 -4.23964
1994 -1.007 -4.2392
1995 -1.006 -4.23875
1996 -1.005 -4.2383
1997 -1.004 -4.23786
1998 -1.003 -4.23741
1999 -1.002 -4.23696
2000 -1.001 -4.23652
2001 -1 -4.23607
2002 -0.999 -4.23562
2003 -0.998 -4.23517
2004 -0.997 -4.23473
2005 -0.996 -4.23428
2006 -0.995 -4.23383
2007 -0.994 -4.23338
2008 -0.993 -4.23294
2009 -0.992 -4.23249
2010 -0.991 -4.23204
2011 -0.99 -4.23159
2012 -0.989 -4.23114
2013 -0.988 -4.23069
2014 -0.987 -4.23025
2015 -0.986 -4.2298
2016 -0.985 -4.22935
2017 -0.984 -4.2289
2018 -0.983 -4.22845
2019 -0.982 -4.228
2020 -0.981 -4.22755
2021 -0.98 -4.22711
2022 -0.979 -4.22666
2023 -0.978 -4.22621
2024 -0.977 -4.22576
2025 -0.976 -4.22531
2026 -0.975 -4.22486
2027 -0.974 -4.22441
2028 -0.973 -4.22396
2029 -0.972 -4.22351
2030 -0.971 -4.22306
2031 -0.97 -4.22261
2032 -0.969 -4.22216
2033 -0.968 -4.22171
2034 -0.967 -4.22126
2035 -0.966 -4.22081
2036 -0.965 -4.22036
2037 -0.964 -4.21991
2038 -0.963 -4.21946
2039 -0.962 -4.21901
2040 -0.961 -4.21856
2041 -0.96 -4.21811
2042 -0.959 -4.21766
2043 -0.958 -4.21721
2044 -0.957 -4.21675
2045 -0.956 -4.2163
2046 -0.955 -4.21585
2047 -0.954 -4.2154
2048 -0.953 -4.21495
2049 -0.952 -4.2145
2050 -0.951 -4.21405
2051 -0.95 -4.21359
2052 -0.949 -4.21314
2053 -0.948 -4.21269
2054 -0.947 -4.21224
2055 -0.946 -4.21179
2056 -0.945 -4.21133
2057 -0.944 -4.21088
2058 -0.943 -4.21043
2059 -0.942 -4.20998
2060 -0.941 -4.20952
2061 -0.94 -4.20907
2062 -0.939 -4.20862
2063 -0.938 -4.20817
2064 -0.937 -4.20771
2065 -0.936 -4.20726
2066 -0.935 -4.20681
2067 -0.934 -4.20635
2068 -0.933 -4.2059
2069 -0.932 -4.20545
2070 -0.931 -4.20499
2071 -0.93 -4.20454
2072 -0.929 -4.20409
2073 -0.928 -4.20363
2074 -0.927 -4.20318
2075 -0.926 -4.20273
2076 -0.925 -4.20227
2077 -0.924 -4.20182
2078 -0.923 -4.20136
2079 -0.922 -4.20091
2080 -0.921 -4.20045
2081 -0.92 -4.2
2082 -0.919 -4.19955
2083 -0.918 -4.19909
2084 -0.917 -4.19864
2085 -0.916 -4.19818
2086 -0.915 -4.19773
2087 -0.914 -4.19727
2088 -0.913 -4.19682
2089 -0.912 -4.19636
2090 -0.911 -4.19591
2091 -0.91 -4.19545
2092 -0.909 -4.19499
2093 -0.908 -4.19454
2094 -0.907 -4.19408
2095 -0.906 -4.19363
2096 -0.905 -4.19317
2097 -0.904 -4.19272
2098 -0.903 -4.19226
2099 -0.902 -4.1918
2100 -0.901 -4.19135
2101 -0.9 -4.19089
2102 -0.899 -4.19043
2103 -0.898 -4.18998
2104 -0.897 -4.18952
2105 -0.896 -4.18906
2106 -0.895 -4.18861
2107 -0.894 -4.18815
2108 -0.893 -4.18769
2109 -0.892 -4.18724
2110 -0.891 -4.18678
2111 -0.89 -4.18632
2112 -0.889 -4.18586
2113 -0.888 -4.18541
2114 -0.887 -4.18495
2115 -0.886 -4.18449
2116 -0.885 -4.18403
2117 -0.884 -4.18358
2118 -0.883 -4.18312
2119 -0.882 -4.18266
2120 -0.881 -4.1822
2121 -0.88 -4.18174
2122 -0.879 -4.18128
2123 -0.878 -4.18083
2124 -0.877 -4.18037
2125 -0.876 -4.17991
2126 -0.875 -4.17945
2127 -0.874 -4.17899
2128 -0.873 -4.17853
2129 -0.872 -4.17807
2130 -0.871 -4.17761
2131 -0.87 -4.17715
2132 -0.869 -4.17669
2133 -0.868 -4.17624
2134 -0.867 -4.17578
2135 -0.866 -4.17532
2136 -0.865 -4.17486
2137 -0.864 -4.1744
2138 -0.863 -4.17394
2139 -0.862 -4.17348
2140 -0.861 -4.17302
2141 -0.86 -4.17256
2142 -0.859 -4.1721
2143 -0.858 -4.17164
2144 -0.857 -4.17117
2145 -0.856 -4.17071
2146 -0.855 -4.17025
2147 -0.854 -4.16979
2148 -0.853 -4.16933
2149 -0.852 -4.16887
2150 -0.851 -4.16841
2151 -0.85 -4.16795
2152 -0.849 -4.16749
2153 -0.848 -4.16703
2154 -0.847 -4.16656
2155 -0.846 -4.1661
2156 -0.845 -4.16564
2157 -0.844 -4.16518
2158 -0.843 -4.16472
2159 -0.842 -4.16426
2160 -0.841 -4.16379
2161 -0.84 -4.16333
2162 -0.839 -4.16287
2163 -0.838 -4.16241
2164 -0.837 -4.16194
2165 -0.836 -4.16148
2166 -0.835 -4.16102
2167 -0.834 -4.16056
2168 -0.833 -4.16009
2169 -0.832 -4.15963
2170 -0.831 -4.15917
2171 -0.83 -4.1587
2172 -0.829 -4.15824
2173 -0.828 -4.15778
2174 -0.827 -4.15731
2175 -0.826 -4.15685
2176 -0.825 -4.15639
2177 -0.824 -4.15592
2178 -0.823 -4.15546
2179 -0.822 -4.15499
2180 -0.821 -4.15453
2181 -0.82 -4.15407
2182 -0.819 -4.1536
2183 -0.818 -4.15314
2184 -0.817 -4.15267
2185 -0.816 -4.15221
2186 -0.815 -4.15174
2187 -0.814 -4.15128
2188 -0.813 -4.15081
2189 -0.812 -4.15035
2190 -0.811 -4.14988
2191 -0.81 -4.14942
2192 -0.809 -4.14895
2193 -0.808 -4.14849
2194 -0.807 -4.14802
2195 -0.806 -4.14756
2196 -0.805 -4.14709
2197 -0.804 -4.14663
2198 -0.803 -4.14616
2199 -0.802 -4.14569
2200 -0.801 -4.14523
2201 -0.8 -4.14476
2202 -0.799 -4.14429
2203 -0.798 -4.14383
2204 -0.797 -4.14336
2205 -0.796 -4.1429
2206 -0.795 -4.14243
2207 -0.794 -4.14196
2208 -0.793 -4.14149
2209 -0.792 -4.14103
2210 -0.791 -4.14056
2211 -0.79 -4.14009
2212 -0.789 -4.13963
2213 -0.788 -4.13916
2214 -0.787 -4.13869
2215 -0.786 -4.13822
2216 -0.785 -4.13776
2217 -0.784 -4.13729
2218 -0.783 -4.13682
2219 -0.782 -4.13635
2220 -0.781 -4.13588
2221 -0.78 -4.13542
2222 -0.779 -4.13495
2223 -0.778 -4.13448
2224 -0.777 -4.13401
2225 -0.776 -4.13354
2226 -0.775 -4.13307
2227 -0.774 -4.1326
2228 -0.773 -4.13214
2229 -0.772 -4.13167
2230 -0.771 -4.1312
2231 -0.77 -4.13073
2232 -0.769 -4.13026
2233 -0.768 -4.12979
2234 -0.767 -4.12932
2235 -0.766 -4.12885
2236 -0.765 -4.12838
2237 -0.764 -4.12791
2238 -0.763 -4.12744
2239 -0.762 -4.12697
2240 -0.761 -4.1265
2241 -0.76 -4.12603
2242 -0.759 -4.12556
2243 -0.758 -4.12509
2244 -0.757 -4.12462
2245 -0.756 -4.12415
2246 -0.755 -4.12368
2247 -0.754 -4.12321
2248 -0.753 -4.12273
2249 -0.752 -4.12226
2250 -0.751 -4.12179
2251 -0.75 -4.12132
2252 -0.749 -4.12085
2253 -0.748 -4.12038
2254 -0.747 -4.11991
2255 -0.746 -4.11943
2256 -0.745 -4.11896
2257 -0.744 -4.11849
2258 -0.743 -4.11802
2259 -0.742 -4.11755
2260 -0.741 -4.11707
2261 -0.74 -4.1166
2262 -0.739 -4.11613
2263 -0.738 -4.11566
2264 -0.737 -4.11518
2265 -0.736 -4.11471
2266 -0.735 -4.11424
2267 -0.734 -4.11376
2268 -0.733 -4.11329
2269 -0.732 -4.11282
2270 -0.731 -4.11234
2271 -0.73 -4.11187
2272 -0.729 -4.1114
2273 -0.728 -4.11092
2274 -0.727 -4.11045
2275 -0.726 -4.10998
2276 -0.725 -4.1095
2277 -0.724 -4.10903
2278 -0.723 -4.10855
2279 -0.722 -4.10808
2280 -0.721 -4.10761
2281 -0.72 -4.10713
2282 -0.719 -4.10666
2283 -0.718 -4.10618
2284 -0.717 -4.10571
2285 -0.716 -4.10523
2286 -0.715 -4.10476
2287 -0.714 -4.10428
2288 -0.713 -4.10381
2289 -0.712 -4.10333
2290 -0.711 -4.10286
2291 -0.71 -4.10238
2292 -0.709 -4.1019
2293 -0.708 -4.10143
2294 -0.707 -4.10095
2295 -0.706 -4.10048
2296 -0.705 -4.1
2297 -0.704 -4.09952
2298 -0.703 -4.09905
2299 -0.702 -4.09857
2300 -0.701 -4.09809
2301 -0.7 -4.09762
2302 -0.699 -4.09714
2303 -0.698 -4.09666
2304 -0.697 -4.09619
2305 -0.696 -4.09571
2306 -0.695 -4.09523
2307 -0.694 -4.09476
2308 -0.693 -4.09428
2309 -0.692 -4.0938
2310 -0.691 -4.09332
2311 -0.69 -4.09284
2312 -0.689 -4.09237
2313 -0.688 -4.09189
2314 -0.687 -4.09141
2315 -0.686 -4.09093
2316 -0.685 -4.09045
2317 -0.684 -4.08998
2318 -0.683 -4.0895
2319 -0.682 -4.08902
2320 -0.681 -4.08854
2321 -0.68 -4.08806
2322 -0.679 -4.08758
2323 -0.678 -4.0871
2324 -0.677 -4.08662
2325 -0.676 -4.08614
2326 -0.675 -4.08567
2327 -0.674 -4.08519
2328 -0.673 -4.08471
2329 -0.672 -4.08423
2330 -0.671 -4.08375
2331 -0.67 -4.08327
2332 -0.669 -4.08279
2333 -0.668 -4.08231
2334 -0.667 -4.08183
2335 -0.666 -4.08135
2336 -0.665 -4.08087
2337 -0.664 -4.08038
2338 -0.663 -4.0799
2339 -0.662 -4.07942
2340 -0.661 -4.07894
2341 -0.66 -4.07846
2342 -0.659 -4.07798
2343 -0.658 -4.0775
2344 -0.657 -4.07702
2345 -0.656 -4.07654
2346 -0.655 -4.07605
2347 -0.654 -4.07557
2348 -0.653 -4.07509
2349 -0.652 -4.07461
2350 -0.651 -4.07413
2351 -0.65 -4.07364
2352 -0.649 -4.07316
2353 -0.648 -4.07268
2354 -0.647 -4.0722
2355 -0.646 -4.07171
2356 -0.645 -4.07123
2357 -0.644 -4.07075
2358 -0.643 -4.07027
2359 -0.642 -4.06978
2360 -0.641 -4.0693
2361 -0.64 -4.06882
2362 -0.639 -4.06833
2363 -0.638 -4.06785
2364 -0.637 -4.06737
2365 -0.636 -4.06688
2366 -0.635 -4.0664
2367 -0.634 -4.06591
2368 -0.633 -4.06543
2369 -0.632 -4.06495
2370 -0.631 -4.06446
2371 -0.63 -4.06398
2372 -0.629 -4.06349
2373 -0.628 -4.06301
2374 -0.627 -4.06252
2375 -0.626 -4.06204
2376 -0.625 -4.06155
2377 -0.624 -4.06107
2378 -0.623 -4.06058
2379 -0.622 -4.0601
2380 -0.621 -4.05961
2381 -0.62 -4.05913
2382 -0.619 -4.05864
2383 -0.618 -4.05815
2384 -0.617 -4.05767
2385 -0.616 -4.05718
2386 -0.615 -4.0567
2387 -0.614 -4.05621
2388 -0.613 -4.05572
2389 -0.612 -4.05524
2390 -0.611 -4.05475
2391 -0.61 -4.05426
2392 -0.609 -4.05378
2393 -0.608 -4.05329
2394 -0.607 -4.0528
2395 -0.606 -4.05232
2396 -0.605 -4.05183
2397 -0.604 -4.05134
2398 -0.603 -4.05085
2399 -0.602 -4.05037
2400 -0.601 -4.04988
2401 -0.6 -4.04939
2402 -0.599 -4.0489
2403 -0.598 -4.04841
2404 -0.597 -4.04793
2405 -0.596 -4.04744
2406 -0.595 -4.04695
2407 -0.594 -4.04646
2408 -0.593 -4.04597
2409 -0.592 -4.04548
2410 -0.591 -4.04499
2411 -0.59 -4.0445
2412 -0.589 -4.04402
2413 -0.588 -4.04353
2414 -0.587 -4.04304
2415 -0.586 -4.04255
2416 -0.585 -4.04206
2417 -0.584 -4.04157
2418 -0.583 -4.04108
2419 -0.582 -4.04059
2420 -0.581 -4.0401
2421 -0.58 -4.03961
2422 -0.579 -4.03912
2423 -0.578 -4.03863
2424 -0.577 -4.03814
2425 -0.576 -4.03765
2426 -0.575 -4.03715
2427 -0.574 -4.03666
2428 -0.573 -4.03617
2429 -0.572 -4.03568
2430 -0.571 -4.03519
2431 -0.57 -4.0347
2432 -0.569 -4.03421
2433 -0.568 -4.03372
2434 -0.567 -4.03322
2435 -0.566 -4.03273
2436 -0.565 -4.03224
2437 -0.564 -4.03175
2438 -0.563 -4.03126
2439 -0.562 -4.03076
2440 -0.561 -4.03027
2441 -0.56 -4.02978
2442 -0.559 -4.02929
2443 -0.558 -4.02879
2444 -0.557 -4.0283
2445 -0.556 -4.02781
2446 -0.555 -4.02731
2447 -0.554 -4.02682
2448 -0.553 -4.02633
2449 -0.552 -4.02583
2450 -0.551 -4.02534
2451 -0.55 -4.02485
2452 -0.549 -4.02435
2453 -0.548 -4.02386
2454 -0.547 -4.02336
2455 -0.546 -4.02287
2456 -0.545 -4.02237
2457 -0.544 -4.02188
2458 -0.543 -4.02139
2459 -0.542 -4.02089
2460 -0.541 -4.0204
2461 -0.54 -4.0199
2462 -0.539 -4.01941
2463 -0.538 -4.01891
2464 -0.537 -4.01842
2465 -0.536 -4.01792
2466 -0.535 -4.01742
2467 -0.534 -4.01693
2468 -0.533 -4.01643
2469 -0.532 -4.01594
2470 -0.531 -4.01544
2471 -0.53 -4.01494
2472 -0.529 -4.01445
2473 -0.528 -4.01395
2474 -0.527 -4.01345
2475 -0.526 -4.01296
2476 -0.525 -4.01246
2477 -0.524 -4.01196
2478 -0.523 -4.01147
2479 -0.522 -4.01097
2480 -0.521 -4.01047
2481 -0.52 -4.00998
2482 -0.519 -4.00948
2483 -0.518 -4.00898
2484 -0.517 -4.00848
2485 -0.516 -4.00798
2486 -0.515 -4.00749
2487 -0.514 -4.00699
2488 -0.513 -4.00649
2489 -0.512 -4.00599
2490 -0.511 -4.00549
2491 -0.51 -4.00499
2492 -0.509 -4.00449
2493 -0.508 -4.004
2494 -0.507 -4.0035
2495 -0.506 -4.003
2496 -0.505 -4.0025
2497 -0.504 -4.002
2498 -0.503 -4.0015
2499 -0.502 -4.001
2500 -0.501 -4.0005
2501 -0.5 -4
2502 -0.499 -3.9995
2503 -0.498 -3.999
2504 -0.497 -3.9985
2505 -0.496 -3.998
2506 -0.495 -3.9975
2507 -0.494 -3.997
2508 -0.493 -3.9965
2509 -0.492 -3.996
2510 -0.491 -3.99549
2511 -0.49 -3.99499
2512 -0.489 -3.99449
2513 -0.488 -3.99399
2514 -0.487 -3.99349
2515 -0.486 -3.99299
2516 -0.485 -3.99249
2517 -0.484 -3.99198
2518 -0.483 -3.99148
2519 -0.482 -3.99098
2520 -0.481 -3.99048
2521 -0.48 -3.98997
2522 -0.479 -3.98947
2523 -0.478 -3.98897
2524 -0.477 -3.98847
2525 -0.476 -3.98796
2526 -0.475 -3.98746
2527 -0.474 -3.98696
2528 -0.473 -3.98645
2529 -0.472 -3.98595
2530 -0.471 -3.98545
2531 -0.47 -3.98494
2532 -0.469 -3.98444
2533 -0.468 -3.98394
2534 -0.467 -3.98343
2535 -0.466 -3.98293
2536 -0.465 -3.98242
2537 -0.464 -3.98192
2538 -0.463 -3.98141
2539 -0.462 -3.98091
2540 -0.461 -3.9804
2541 -0.46 -3.9799
2542 -0.459 -3.97939
2543 -0.458 -3.97889
2544 -0.457 -3.97838
2545 -0.456 -3.97788
2546 -0.455 -3.97737
2547 -0.454 -3.97687
2548 -0.453 -3.97636
2549 -0.452 -3.97585
2550 -0.451 -3.97535
2551 -0.45 -3.97484
2552 -0.449 -3.97434
2553 -0.448 -3.97383
2554 -0.447 -3.97332
2555 -0.446 -3.97282
2556 -0.445 -3.97231
2557 -0.444 -3.9718
2558 -0.443 -3.97129
2559 -0.442 -3.97079
2560 -0.441 -3.97028
2561 -0.44 -3.96977
2562 -0.439 -3.96926
2563 -0.438 -3.96876
2564 -0.437 -3.96825
2565 -0.436 -3.96774
2566 -0.435 -3.96723
2567 -0.434 -3.96672
2568 -0.433 -3.96621
2569 -0.432 -3.96571
2570 -0.431 -3.9652
2571 -0.43 -3.96469
2572 -0.429 -3.96418
2573 -0.428 -3.96367
2574 -0.427 -3.96316
2575 -0.426 -3.96265
2576 -0.425 -3.96214
2577 -0.424 -3.96163
2578 -0.423 -3.96112
2579 -0.422 -3.96061
2580 -0.421 -3.9601
2581 -0.42 -3.95959
2582 -0.419 -3.95908
2583 -0.418 -3.95857
2584 -0.417 -3.95806
2585 -0.416 -3.95755
2586 -0.415 -3.95704
2587 -0.414 -3.95653
2588 -0.413 -3.95602
2589 -0.412 -3.95551
2590 -0.411 -3.95499
2591 -0.41 -3.95448
2592 -0.409 -3.95397
2593 -0.408 -3.95346
2594 -0.407 -3.95295
2595 -0.406 -3.95243
2596 -0.405 -3.95192
2597 -0.404 -3.95141
2598 -0.403 -3.9509
2599 -0.402 -3.95038
2600 -0.401 -3.94987
2601 -0.4 -3.94936
2602 -0.399 -3.94885
2603 -0.398 -3.94833
2604 -0.397 -3.94782
2605 -0.396 -3.94731
2606 -0.395 -3.94679
2607 -0.394 -3.94628
2608 -0.393 -3.94576
2609 -0.392 -3.94525
2610 -0.391 -3.94474
2611 -0.39 -3.94422
2612 -0.389 -3.94371
2613 -0.388 -3.94319
2614 -0.387 -3.94268
2615 -0.386 -3.94216
2616 -0.385 -3.94165
2617 -0.384 -3.94113
2618 -0.383 -3.94062
2619 -0.382 -3.9401
2620 -0.381 -3.93959
2621 -0.38 -3.93907
2622 -0.379 -3.93856
2623 -0.378 -3.93804
2624 -0.377 -3.93752
2625 -0.376 -3.93701
2626 -0.375 -3.93649
2627 -0.374 -3.93598
2628 -0.373 -3.93546
2629 -0.372 -3.93494
2630 -0.371 -3.93442
2631 -0.37 -3.93391
2632 -0.369 -3.93339
2633 -0.368 -3.93287
2634 -0.367 -3.93236
2635 -0.366 -3.93184
2636 -0.365 -3.93132
2637 -0.364 -3.9308
2638 -0.363 -3.93028
2639 -0.362 -3.92977
2640 -0.361 -3.92925
2641 -0.36 -3.92873
2642 -0.359 -3.92821
2643 -0.358 -3.92769
2644 -0.357 -3.92717
2645 -0.356 -3.92666
2646 -0.355 -3.92614
2647 -0.354 -3.92562
2648 -0.353 -3.9251
2649 -0.352 -3.92458
2650 -0.351 -3.92406
2651 -0.35 -3.92354
2652 -0.349 -3.92302
2653 -0.348 -3.9225
2654 -0.347 -3.92198
2655 -0.346 -3.92146
2656 -0.345 -3.92094
2657 -0.344 -3.92042
2658 -0.343 -3.9199
2659 -0.342 -3.91937
2660 -0.341 -3.91885
2661 -0.34 -3.91833
2662 -0.339 -3.91781
2663 -0.338 -3.91729
2664 -0.337 -3.91677
2665 -0.336 -3.91625
2666 -0.335 -3.91572
2667 -0.334 -3.9152
2668 -0.333 -3.91468
2669 -0.332 -3.91416
2670 -0.331 -3.91364
2671 -0.33 -3.91311
2672 -0.329 -3.91259
2673 -0.328 -3.91207
2674 -0.327 -3.91154
2675 -0.326 -3.91102
2676 -0.325 -3.9105
2677 -0.324 -3.90997
2678 -0.323 -3.90945
2679 -0.322 -3.90893
2680 -0.321 -3.9084
2681 -0.32 -3.90788
2682 -0.319 -3.90735
2683 -0.318 -3.90683
2684 -0.317 -3.90631
2685 -0.316 -3.90578
2686 -0.315 -3.90526
2687 -0.314 -3.90473
2688 -0.313 -3.90421
2689 -0.312 -3.90368
2690 -0.311 -3.90316
2691 -0.31 -3.90263
2692 -0.309 -3.9021
2693 -0.308 -3.90158
2694 -0.307 -3.90105
2695 -0.306 -3.90053
2696 -0.305 -3.9
2697 -0.304 -3.89947
2698 -0.303 -3.89895
2699 -0.302 -3.89842
2700 -0.301 -3.89789
2701 -0.3 -3.89737
2702 -0.299 -3.89684
2703 -0.298 -3.89631
2704 -0.297 -3.89578
2705 -0.296 -3.89526
2706 -0.295 -3.89473
2707 -0.294 -3.8942
2708 -0.293 -3.89367
2709 -0.292 -3.89315
2710 -0.291 -3.89262
2711 -0.29 -3.89209
2712 -0.289 -3.89156
2713 -0.288 -3.89103
2714 -0.287 -3.8905
2715 -0.286 -3.88997
2716 -0.285 -3.88944
2717 -0.284 -3.88892
2718 -0.283 -3.88839
2719 -0.282 -3.88786
2720 -0.281 -3.88733
2721 -0.28 -3.8868
2722 -0.279 -3.88627
2723 -0.278 -3.88574
2724 -0.277 -3.88521
2725 -0.276 -3.88468
2726 -0.275 -3.88414
2727 -0.274 -3.88361
2728 -0.273 -3.88308
2729 -0.272 -3.88255
2730 -0.271 -3.88202
2731 -0.27 -3.88149
2732 -0.269 -3.88096
2733 -0.268 -3.88043
2734 -0.267 -3.87989
2735 -0.266 -3.87936
2736 -0.265 -3.87883
2737 -0.264 -3.8783
2738 -0.263 -3.87776
2739 -0.262 -3.87723
2740 -0.261 -3.8767
2741 -0.26 -3.87617
2742 -0.259 -3.87563
2743 -0.258 -3.8751
2744 -0.257 -3.87457
2745 -0.256 -3.87403
2746 -0.255 -3.8735
2747 -0.254 -3.87297
2748 -0.253 -3.87243
2749 -0.252 -3.8719
2750 -0.251 -3.87136
2751 -0.25 -3.87083
2752 -0.249 -3.87029
2753 -0.248 -3.86976
2754 -0.247 -3.86922
2755 -0.246 -3.86869
2756 -0.245 -3.86815
2757 -0.244 -3.86762
2758 -0.243 -3.86708
2759 -0.242 -3.86655
2760 -0.241 -3.86601
2761 -0.24 -3.86548
2762 -0.239 -3.86494
2763 -0.238 -3.8644
2764 -0.237 -3.86387
2765 -0.236 -3.86333
2766 -0.235 -3.86279
2767 -0.234 -3.86226
2768 -0.233 -3.86172
2769 -0.232 -3.86118
2770 -0.231 -3.86065
2771 -0.23 -3.86011
2772 -0.229 -3.85957
2773 -0.228 -3.85903
2774 -0.227 -3.85849
2775 -0.226 -3.85796
2776 -0.225 -3.85742
2777 -0.224 -3.85688
2778 -0.223 -3.85634
2779 -0.222 -3.8558
2780 -0.221 -3.85526
2781 -0.22 -3.85472
2782 -0.219 -3.85418
2783 -0.218 -3.85365
2784 -0.217 -3.85311
2785 -0.216 -3.85257
2786 -0.215 -3.85203
2787 -0.214 -3.85149
2788 -0.213 -3.85095
2789 -0.212 -3.85041
2790 -0.211 -3.84986
2791 -0.21 -3.84932
2792 -0.209 -3.84878
2793 -0.208 -3.84824
2794 -0.207 -3.8477
2795 -0.206 -3.84716
2796 -0.205 -3.84662
2797 -0.204 -3.84608
2798 -0.203 -3.84554
2799 -0.202 -3.84499
2800 -0.201 -3.84445
2801 -0.2 -3.84391
2802 -0.199 -3.84337
2803 -0.198 -3.84282
2804 -0.197 -3.84228
2805 -0.196 -3.84174
2806 -0.195 -3.8412
2807 -0.194 -3.84065
2808 -0.193 -3.84011
2809 -0.192 -3.83957
2810 -0.191 -3.83902
2811 -0.19 -3.83848
2812 -0.189 -3.83793
2813 -0.188 -3.83739
2814 -0.187 -3.83685
2815 -0.186 -3.8363
2816 -0.185 -3.83576
2817 -0.184 -3.83521
2818 -0.183 -3.83467
2819 -0.182 -3.83412
2820 -0.181 -3.83358
2821 -0.18 -3.83303
2822 -0.179 -3.83248
2823 -0.178 -3.83194
2824 -0.177 -3.83139
2825 -0.176 -3.83085
2826 -0.175 -3.8303
2827 -0.174 -3.82975
2828 -0.173 -3.82921
2829 -0.172 -3.82866
2830 -0.171 -3.82811
2831 -0.17 -3.82757
2832 -0.169 -3.82702
2833 -0.168 -3.82647
2834 -0.167 -3.82592
2835 -0.166 -3.82538
2836 -0.165 -3.82483
2837 -0.164 -3.82428
2838 -0.163 -3.82373
2839 -0.162 -3.82318
2840 -0.161 -3.82264
2841 -0.16 -3.82209
2842 -0.159 -3.82154
2843 -0.158 -3.82099
2844 -0.157 -3.82044
2845 -0.156 -3.81989
2846 -0.155 -3.81934
2847 -0.154 -3.81879
2848 -0.153 -3.81824
2849 -0.152 -3.81769
2850 -0.151 -3.81714
2851 -0.15 -3.81659
2852 -0.149 -3.81604
2853 -0.148 -3.81549
2854 -0.147 -3.81494
2855 -0.146 -3.81439
2856 -0.145 -3.81384
2857 -0.144 -3.81328
2858 -0.143 -3.81273
2859 -0.142 -3.81218
2860 -0.141 -3.81163
2861 -0.14 -3.81108
2862 -0.139 -3.81052
2863 -0.138 -3.80997
2864 -0.137 -3.80942
2865 -0.136 -3.80887
2866 -0.135 -3.80831
2867 -0.134 -3.80776
2868 -0.133 -3.80721
2869 -0.132 -3.80665
2870 -0.131 -3.8061
2871 -0.13 -3.80555
2872 -0.129 -3.80499
2873 -0.128 -3.80444
2874 -0.127 -3.80388
2875 -0.126 -3.80333
2876 -0.125 -3.80278
2877 -0.124 -3.80222
2878 -0.123 -3.80167
2879 -0.122 -3.80111
2880 -0.121 -3.80056
2881 -0.12 -3.8
2882 -0.119 -3.79944
2883 -0.118 -3.79889
2884 -0.117 -3.79833
2885 -0.116 -3.79778
2886 -0.115 -3.79722
2887 -0.114 -3.79666
2888 -0.113 -3.79611
2889 -0.112 -3.79555
2890 -0.111 -3.79499
2891 -0.11 -3.79444
2892 -0.109 -3.79388
2893 -0.108 -3.79332
2894 -0.107 -3.79276
2895 -0.106 -3.79221
2896 -0.105 -3.79165
2897 -0.104 -3.79109
2898 -0.103 -3.79053
2899 -0.102 -3.78997
2900 -0.101 -3.78941
2901 -0.1 -3.78885
2902 -0.099 -3.7883
2903 -0.098 -3.78774
2904 -0.097 -3.78718
2905 -0.096 -3.78662
2906 -0.095 -3.78606
2907 -0.094 -3.7855
2908 -0.093 -3.78494
2909 -0.092 -3.78438
2910 -0.091 -3.78382
2911 -0.09 -3.78326
2912 -0.089 -3.78269
2913 -0.088 -3.78213
2914 -0.087 -3.78157
2915 -0.086 -3.78101
2916 -0.085 -3.78045
2917 -0.084 -3.77989
2918 -0.083 -3.77933
2919 -0.082 -3.77876
2920 -0.081 -3.7782
2921 -0.08 -3.77764
2922 -0.079 -3.77708
2923 -0.078 -3.77651
2924 -0.077 -3.77595
2925 -0.076 -3.77539
2926 -0.075 -3.77482
2927 -0.074 -3.77426
2928 -0.073 -3.7737
2929 -0.072 -3.77313
2930 -0.071 -3.77257
2931 -0.07 -3.772
2932 -0.069 -3.77144
2933 -0.068 -3.77088
2934 -0.067 -3.77031
2935 -0.066 -3.76975
2936 -0.065 -3.76918
2937 -0.064 -3.76862
2938 -0.063 -3.76805
2939 -0.062 -3.76748
2940 -0.061 -3.76692
2941 -0.06 -3.76635
2942 -0.059 -3.76579
2943 -0.058 -3.76522
2944 -0.057 -3.76465
2945 -0.056 -3.76409
2946 -0.055 -3.76352
2947 -0.054 -3.76295
2948 -0.053 -3.76238
2949 -0.052 -3.76182
2950 -0.051 -3.76125
2951 -0.05 -3.76068
2952 -0.049 -3.76011
2953 -0.048 -3.75955
2954 -0.047 -3.75898
2955 -0.046 -3.75841
2956 -0.045 -3.75784
2957 -0.044 -3.75727
2958 -0.043 -3.7567
2959 -0.042 -3.75613
2960 -0.041 -3.75556
2961 -0.04 -3.75499
2962 -0.039 -3.75442
2963 -0.038 -3.75385
2964 -0.037 -3.75328
2965 -0.036 -3.75271
2966 -0.035 -3.75214
2967 -0.034 -3.75157
2968 -0.033 -3.751
2969 -0.032 -3.75043
2970 -0.031 -3.74986
2971 -0.03 -3.74929
2972 -0.029 -3.74871
2973 -0.028 -3.74814
2974 -0.027 -3.74757
2975 -0.026 -3.747
2976 -0.025 -3.74642
2977 -0.024 -3.74585
2978 -0.023 -3.74528
2979 -0.022 -3.74471
2980 -0.021 -3.74413
2981 -0.02 -3.74356
2982 -0.019 -3.74299
2983 -0.018 -3.74241
2984 -0.017 -3.74184
2985 -0.016 -3.74126
2986 -0.015 -3.74069
2987 -0.014 -3.74011
2988 -0.013 -3.73954
2989 -0.012 -3.73897
2990 -0.011 -3.73839
2991 -0.01 -3.73781
2992 -0.009 -3.73724
2993 -0.008 -3.73666
2994 -0.007 -3.73609
2995 -0.006 -3.73551
2996 -0.005 -3.73494
2997 -0.004 -3.73436
2998 -0.003 -3.73378
2999 -0.002 -3.73321
3000 -0.001 -3.73263
3001 -2.19387e-013 -3.73205
3002 0.001 -3.73147
3003 0.002 -3.7309
3004 0.003 -3.73032
3005 0.004 -3.72974
3006 0.005 -3.72916
3007 0.006 -3.72858
3008 0.007 -3.728
3009 0.008 -3.72743
3010 0.009 -3.72685
3011 0.01 -3.72627
3012 0.011 -3.72569
3013 0.012 -3.72511
3014 0.013 -3.72453
3015 0.014 -3.72395
3016 0.015 -3.72337
3017 0.016 -3.72279
3018 0.017 -3.72221
3019 0.018 -3.72163
3020 0.019 -3.72105
3021 0.02 -3.72047
3022 0.021 -3.71988
3023 0.022 -3.7193
3024 0.023 -3.71872
3025 0.024 -3.71814
3026 0.025 -3.71756
3027 0.026 -3.71697
3028 0.027 -3.71639
3029 0.028 -3.71581
3030 0.029 -3.71523
3031 0.03 -3.71464
3032 0.031 -3.71406
3033 0.032 -3.71348
3034 0.033 -3.71289
3035 0.034 -3.71231
3036 0.035 -3.71172
3037 0.036 -3.71114
3038 0.037 -3.71056
3039 0.038 -3.70997
3040 0.039 -3.70939
3041 0.04 -3.7088
3042 0.041 -3.70822
3043 0.042 -3.70763
3044 0.043 -3.70704
3045 0.044 -3.70646
3046 0.045 -3.70587
3047 0.046 -3.70529
3048 0.047 -3.7047
3049 0.048 -3.70411
3050 0.049 -3.70353
3051 0.05 -3.70294
3052 0.051 -3.70235
3053 0.052 -3.70176
3054 0.053 -3.70118
3055 0.054 -3.70059
3056 0.055 -3.7
3057 0.056 -3.69941
3058 0.057 -3.69882
3059 0.058 -3.69823
3060 0.059 -3.69765
3061 0.06 -3.69706
3062 0.061 -3.69647
3063 0.062 -3.69588
3064 0.063 -3.69529
3065 0.064 -3.6947
3066 0.065 -3.69411
3067 0.066 -3.69352
3068 0.067 -3.69293
3069 0.068 -3.69234
3070 0.069 -3.69174
3071 0.07 -3.69115
3072 0.071 -3.69056
3073 0.072 -3.68997
3074 0.073 -3.68938
3075 0.074 -3.68879
3076 0.075 -3.68819
3077 0.076 -3.6876
3078 0.077 -3.68701
3079 0.078 -3.68642
3080 0.079 -3.68582
3081 0.08 -3.68523
3082 0.081 -3.68464
3083 0.082 -3.68404
3084 0.083 -3.68345
3085 0.084 -3.68285
3086 0.085 -3.68226
3087 0.086 -3.68167
3088 0.087 -3.68107
3089 0.088 -3.68048
3090 0.089 -3.67988
3091 0.09 -3.67929
3092 0.091 -3.67869
3093 0.092 -3.67809
3094 0.093 -3.6775
3095 0.094 -3.6769
3096 0.095 -3.67631
3097 0.096 -3.67571
3098 0.097 -3.67511
3099 0.098 -3.67451
3100 0.099 -3.67392
3101 0.1 -3.67332
3102 0.101 -3.67272
3103 0.102 -3.67212
3104 0.103 -3.67153
3105 0.104 -3.67093
3106 0.105 -3.67033
3107 0.106 -3.66973
3108 0.107 -3.66913
3109 0.108 -3.66853
3110 0.109 -3.66793
3111 0.11 -3.66733
3112 0.111 -3.66673
3113 0.112 -3.66613
3114 0.113 -3.66553
3115 0.114 -3.66493
3116 0.115 -3.66433
3117 0.116 -3.66373
3118 0.117 -3.66313
3119 0.118 -3.66253
3120 0.119 -3.66193
3121 0.12 -3.66132
3122 0.121 -3.66072
3123 0.122 -3.66012
3124 0.123 -3.65952
3125 0.124 -3.65892
3126 0.125 -3.65831
3127 0.126 -3.65771
3128 0.127 -3.65711
3129 0.128 -3.6565
3130 0.129 -3.6559
3131 0.13 -3.65529
3132 0.131 -3.65469
3133 0.132 -3.65409
3134 0.133 -3.65348
3135 0.134 -3.65288
3136 0.135 -3.65227
3137 0.136 -3.65167
3138 0.137 -3.65106
3139 0.138 -3.65045
3140 0.139 -3.64985
3141 0.14 -3.64924
3142 0.141 -3.64864
3143 0.142 -3.64803
3144 0.143 -3.64742
3145 0.144 -3.64682
3146 0.145 -3.64621
3147 0.146 -3.6456
3148 0.147 -3.64499
3149 0.148 -3.64438
3150 0.149 -3.64378
3151 0.15 -3.64317
3152 0.151 -3.64256
3153 0.152 -3.64195
3154 0.153 -3.64134
3155 0.154 -3.64073
3156 0.155 -3.64012
3157 0.156 -3.63951
3158 0.157 -3.6389
3159 0.158 -3.63829
3160 0.159 -3.63768
3161 0.16 -3.63707
3162 0.161 -3.63646
3163 0.162 -3.63585
3164 0.163 -3.63524
3165 0.164 -3.63463
3166 0.165 -3.63401
3167 0.166 -3.6334
3168 0.167 -3.63279
3169 0.168 -3.63218
3170 0.169 -3.63156
3171 0.17 -3.63095
3172 0.171 -3.63034
3173 0.172 -3.62972
3174 0.173 -3.62911
3175 0.174 -3.6285
3176 0.175 -3.62788
3177 0.176 -3.62727
3178 0.177 -3.62665
3179 0.178 -3.62604
3180 0.179 -3.62542
3181 0.18 -3.62481
3182 0.181 -3.62419
3183 0.182 -3.62358
3184 0.183 -3.62296
3185 0.184 -3.62234
3186 0.185 -3.62173
3187 0.186 -3.62111
3188 0.187 -3.62049
3189 0.188 -3.61988
3190 0.189 -3.61926
3191 0.19 -3.61864
3192 0.191 -3.61802
3193 0.192 -3.61741
3194 0.193 -3.61679
3195 0.194 -3.61617
3196 0.195 -3.61555
3197 0.196 -3.61493
3198 0.197 -3.61431
3199 0.198 -3.61369
3200 0.199 -3.61307
3201 0.2 -3.61245
3202 0.201 -3.61183
3203 0.202 -3.61121
3204 0.203 -3.61059
3205 0.204 -3.60997
3206 0.205 -3.60935
3207 0.206 -3.60873
3208 0.207 -3.6081
3209 0.208 -3.60748
3210 0.209 -3.60686
3211 0.21 -3.60624
3212 0.211 -3.60562
3213 0.212 -3.60499
3214 0.213 -3.60437
3215 0.214 -3.60375
3216 0.215 -3.60312
3217 0.216 -3.6025
3218 0.217 -3.60187
3219 0.218 -3.60125
3220 0.219 -3.60062
3221 0.22 -3.6
3222 0.221 -3.59937
3223 0.222 -3.59875
3224 0.223 -3.59812
3225 0.224 -3.5975
3226 0.225 -3.59687
3227 0.226 -3.59625
3228 0.227 -3.59562
3229 0.228 -3.59499
3230 0.229 -3.59437
3231 0.23 -3.59374
3232 0.231 -3.59311
3233 0.232 -3.59248
3234 0.233 -3.59185
3235 0.234 -3.59123
3236 0.235 -3.5906
3237 0.236 -3.58997
3238 0.237 -3.58934
3239 0.238 -3.58871
3240 0.239 -3.58808
3241 0.24 -3.58745
3242 0.241 -3.58682
3243 0.242 -3.58619
3244 0.243 -3.58556
3245 0.244 -3.58493
3246 0.245 -3.5843
3247 0.246 -3.58367
3248 0.247 -3.58304
3249 0.248 -3.5824
3250 0.249 -3.58177
3251 0.25 -3.58114
3252 0.251 -3.58051
3253 0.252 -3.57987
3254 0.253 -3.57924
3255 0.254 -3.57861
3256 0.255 -3.57797
3257 0.256 -3.57734
3258 0.257 -3.57671
3259 0.258 -3.57607
3260 0.259 -3.57544
3261 0.26 -3.5748
3262 0.261 -3.57417
3263 0.262 -3.57353
3264 0.263 -3.5729
3265 0.264 -3.57226
3266 0.265 -3.57162
3267 0.266 -3.57099
3268 0.267 -3.57035
3269 0.268 -3.56971
3270 0.269 -3.56908
3271 0.27 -3.56844
3272 0.271 -3.5678
3273 0.272 -3.56716
3274 0.273 -3.56652
3275 0.274 -3.56589
3276 0.275 -3.56525
3277 0.276 -3.56461
3278 0.277 -3.56397
3279 0.278 -3.56333
3280 0.279 -3.56269
3281 0.28 -3.56205
3282 0.281 -3.56141
3283 0.282 -3.56077
3284 0.283 -3.56013
3285 0.284 -3.55949
3286 0.285 -3.55885
3287 0.286 -3.5582
3288 0.287 -3.55756
3289 0.288 -3.55692
3290 0.289 -3.55628
3291 0.29 -3.55563
3292 0.291 -3.55499
3293 0.292 -3.55435
3294 0.293 -3.55371
3295 0.294 -3.55306
3296 0.295 -3.55242
3297 0.296 -3.55177
3298 0.297 -3.55113
3299 0.298 -3.55048
3300 0.299 -3.54984
3301 0.3 -3.54919
3302 0.301 -3.54855
3303 0.302 -3.5479
3304 0.303 -3.54726
3305 0.304 -3.54661
3306 0.305 -3.54596
3307 0.306 -3.54532
3308 0.307 -3.54467
3309 0.308 -3.54402
3310 0.309 -3.54337
3311 0.31 -3.54272
3312 0.311 -3.54208
3313 0.312 -3.54143
3314 0.313 -3.54078
3315 0.314 -3.54013
3316 0.315 -3.53948
3317 0.316 -3.53883
3318 0.317 -3.53818
3319 0.318 -3.53753
3320 0.319 -3.53688
3321 0.32 -3.53623
3322 0.321 -3.53558
3323 0.322 -3.53493
3324 0.323 -3.53428
3325 0.324 -3.53362
3326 0.325 -3.53297
3327 0.326 -3.53232
3328 0.327 -3.53167
3329 0.328 -3.53101
3330 0.329 -3.53036
3331 0.33 -3.52971
3332 0.331 -3.52905
3333 0.332 -3.5284
3334 0.333 -3.52774
3335 0.334 -3.52709
3336 0.335 -3.52643
3337 0.336 -3.52578
3338 0.337 -3.52512
3339 0.338 -3.52447
3340 0.339 -3.52381
3341 0.34 -3.52315
3342 0.341 -3.5225
3343 0.342 -3.52184
3344 0.343 -3.52118
3345 0.344 -3.52053
3346 0.345 -3.51987
3347 0.346 -3.51921
3348 0.347 -3.51855
3349 0.348 -3.51789
3350 0.349 -3.51723
3351 0.35 -3.51658
3352 0.351 -3.51592
3353 0.352 -3.51526
3354 0.353 -3.5146
3355 0.354 -3.51394
3356 0.355 -3.51327
3357 0.356 -3.51261
3358 0.357 -3.51195
3359 0.358 -3.51129
3360 0.359 -3.51063
3361 0.36 -3.50997
3362 0.361 -3.5093
3363 0.362 -3.50864
3364 0.363 -3.50798
3365 0.364 -3.50732
3366 0.365 -3.50665
3367 0.366 -3.50599
3368 0.367 -3.50532
3369 0.368 -3.50466
3370 0.369 -3.50399
3371 0.37 -3.50333
3372 0.371 -3.50266
3373 0.372 -3.502
3374 0.373 -3.50133
3375 0.374 -3.50067
3376 0.375 -3.5
3377 0.376 -3.49933
3378 0.377 -3.49867
3379 0.378 -3.498
3380 0.379 -3.49733
3381 0.38 -3.49666
3382 0.381 -3.49599
3383 0.382 -3.49533
3384 0.383 -3.49466
3385 0.384 -3.49399
3386 0.385 -3.49332
3387 0.386 -3.49265
3388 0.387 -3.49198
3389 0.388 -3.49131
3390 0.389 -3.49064
3391 0.39 -3.48997
3392 0.391 -3.4893
3393 0.392 -3.48862
3394 0.393 -3.48795
3395 0.394 -3.48728
3396 0.395 -3.48661
3397 0.396 -3.48593
3398 0.397 -3.48526
3399 0.398 -3.48459
3400 0.399 -3.48391
3401 0.4 -3.48324
3402 0.401 -3.48257
3403 0.402 -3.48189
3404 0.403 -3.48122
3405 0.404 -3.48054
3406 0.405 -3.47986
3407 0.406 -3.47919
3408 0.407 -3.47851
3409 0.408 -3.47784
3410 0.409 -3.47716
3411 0.41 -3.47648
3412 0.411 -3.4758
3413 0.412 -3.47513
3414 0.413 -3.47445
3415 0.414 -3.47377
3416 0.415 -3.47309
3417 0.416 -3.47241
3418 0.417 -3.47173
3419 0.418 -3.47105
3420 0.419 -3.47037
3421 0.42 -3.46969
3422 0.421 -3.46901
3423 0.422 -3.46833
3424 0.423 -3.46765
3425 0.424 -3.46697
3426 0.425 -3.46629
3427 0.426 -3.46561
3428 0.427 -3.46492
3429 0.428 -3.46424
3430 0.429 -3.46356
3431 0.43 -3.46287
3432 0.431 -3.46219
3433 0.432 -3.46151
3434 0.433 -3.46082
3435 0.434 -3.46014
3436 0.435 -3.45945
3437 0.436 -3.45877
3438 0.437 -3.45808
3439 0.438 -3.45739
3440 0.439 -3.45671
3441 0.44 -3.45602
3442 0.441 -3.45534
3443 0.442 -3.45465
3444 0.443 -3.45396
3445 0.444 -3.45327
3446 0.445 -3.45258
3447 0.446 -3.4519
3448 0.447 -3.45121
3449 0.448 -3.45052
3450 0.449 -3.44983
3451 0.45 -3.44914
3452 0.451 -3.44845
3453 0.452 -3.44776
3454 0.453 -3.44707
3455 0.454 -3.44637
3456 0.455 -3.44568
3457 0.456 -3.44499
3458 0.457 -3.4443
3459 0.458 -3.44361
3460 0.459 -3.44291
3461 0.46 -3.44222
3462 0.461 -3.44153
3463 0.462 -3.44083
3464 0.463 -3.44014
3465 0.464 -3.43944
3466 0.465 -3.43875
3467 0.466 -3.43805
3468 0.467 -3.43736
3469 0.468 -3.43666
3470 0.469 -3.43597
3471 0.47 -3.43527
3472 0.471 -3.43457
3473 0.472 -3.43388
3474 0.473 -3.43318
3475 0.474 -3.43248
3476 0.475 -3.43178
3477 0.476 -3.43108
3478 0.477 -3.43038
3479 0.478 -3.42969
3480 0.479 -3.42899
3481 0.48 -3.42829
3482 0.481 -3.42759
3483 0.482 -3.42688
3484 0.483 -3.42618
3485 0.484 -3.42548
3486 0.485 -3.42478
3487 0.486 -3.42408
3488 0.487 -3.42338
3489 0.488 -3.42267
3490 0.489 -3.42197
3491 0.49 -3.42127
3492 0.491 -3.42056
3493 0.492 -3.41986
3494 0.493 -3.41915
3495 0.494 -3.41845
3496 0.495 -3.41774
3497 0.496 -3.41704
3498 0.497 -3.41633
3499 0.498 -3.41563
3500 0.499 -3.41492
3501 0.5 -3.41421
3502 0.501 -3.41351
3503 0.502 -3.4128
3504 0.503 -3.41209
3505 0.504 -3.41138
3506 0.505 -3.41067
3507 0.506 -3.40996
3508 0.507 -3.40926
3509 0.508 -3.40855
3510 0.509 -3.40784
3511 0.51 -3.40712
3512 0.511 -3.40641
3513 0.512 -3.4057
3514 0.513 -3.40499
3515 0.514 -3.40428
3516 0.515 -3.40357
3517 0.516 -3.40285
3518 0.517 -3.40214
3519 0.518 -3.40143
3520 0.519 -3.40071
3521 0.52 -3.4
3522 0.521 -3.39929
3523 0.522 -3.39857
3524 0.523 -3.39786
3525 0.524 -3.39714
3526 0.525 -3.39642
3527 0.526 -3.39571
3528 0.527 -3.39499
3529 0.528 -3.39427
3530 0.529 -3.39356
3531 0.53 -3.39284
3532 0.531 -3.39212
3533 0.532 -3.3914
3534 0.533 -3.39068
3535 0.534 -3.38996
3536 0.535 -3.38924
3537 0.536 -3.38852
3538 0.537 -3.3878
3539 0.538 -3.38708
3540 0.539 -3.38636
3541 0.54 -3.38564
3542 0.541 -3.38492
3543 0.542 -3.3842
3544 0.543 -3.38347
3545 0.544 -3.38275
3546 0.545 -3.38203
3547 0.546 -3.3813
3548 0.547 -3.38058
3549 0.548 -3.37986
3550 0.549 -3.37913
3551 0.55 -3.3784
3552 0.551 -3.37768
3553 0.552 -3.37695
3554 0.553 -3.37623
3555 0.554 -3.3755
3556 0.555 -3.37477
3557 0.556 -3.37405
3558 0.557 -3.37332
3559 0.558 -3.37259
3560 0.559 -3.37186
3561 0.56 -3.37113
3562 0.561 -3.3704
3563 0.562 -3.36967
3564 0.563 -3.36894
3565 0.564 -3.36821
3566 0.565 -3.36748
3567 0.566 -3.36675
3568 0.567 -3.36602
3569 0.568 -3.36528
3570 0.569 -3.36455
3571 0.57 -3.36382
3572 0.571 -3.36308
3573 0.572 -3.36235
3574 0.573 -3.36162
3575 0.574 -3.36088
3576 0.575 -3.36015
3577 0.576 -3.35941
3578 0.577 -3.35868
3579 0.578 -3.35794
3580 0.579 -3.3572
3581 0.58 -3.35647
3582 0.581 -3.35573
3583 0.582 -3.35499
3584 0.583 -3.35425
3585 0.584 -3.35351
3586 0.585 -3.35277
3587 0.586 -3.35204
3588 0.587 -3.3513
3589 0.588 -3.35056
3590 0.589 -3.34981
3591 0.59 -3.34907
3592 0.591 -3.34833
3593 0.592 -3.34759
3594 0.593 -3.34685
3595 0.594 -3.34611
3596 0.595 -3.34536
3597 0.596 -3.34462
3598 0.597 -3.34387
3599 0.598 -3.34313
3600 0.599 -3.34239
3601 0.6 -3.34164
3602 0.601 -3.3409
3603 0.602 -3.34015
3604 0.603 -3.3394
3605 0.604 -3.33866
3606 0.605 -3.33791
3607 0.606 -3.33716
3608 0.607 -3.33641
3609 0.608 -3.33566
3610 0.609 -3.33492
3611 0.61 -3.33417
3612 0.611 -3.33342
3613 0.612 -3.33267
3614 0.613 -3.33192
3615 0.614 -3.33116
3616 0.615 -3.33041
3617 0.616 -3.32966
3618 0.617 -3.32891
3619 0.618 -3.32816
3620 0.619 -3.3274
3621 0.62 -3.32665
3622 0.621 -3.3259
3623 0.622 -3.32514
3624 0.623 -3.32439
3625 0.624 -3.32363
3626 0.625 -3.32288
3627 0.626 -3.32212
3628 0.627 -3.32136
3629 0.628 -3.32061
3630 0.629 -3.31985
3631 0.63 -3.31909
3632 0.631 -3.31833
3633 0.632 -3.31757
3634 0.633 -3.31681
3635 0.634 -3.31605
3636 0.635 -3.31529
3637 0.636 -3.31453
3638 0.637 -3.31377
3639 0.638 -3.31301
3640 0.639 -3.31225
3641 0.64 -3.31149
3642 0.641 -3.31072
3643 0.642 -3.30996
3644 0.643 -3.3092
3645 0.644 -3.30843
3646 0.645 -3.30767
3647 0.646 -3.3069
3648 0.647 -3.30614
3649 0.648 -3.30537
3650 0.649 -3.30461
3651 0.65 -3.30384
3652 0.651 -3.30307
3653 0.652 -3.30231
3654 0.653 -3.30154
3655 0.654 -3.30077
3656 0.655 -3.3
3657 0.656 -3.29923
3658 0.657 -3.29846
3659 0.658 -3.29769
3660 0.659 -3.29692
3661 0.66 -3.29615
3662 0.661 -3.29538
3663 0.662 -3.2946
3664 0.663 -3.29383
3665 0.664 -3.29306
3666 0.665 -3.29228
3667 0.666 -3.29151
3668 0.667 -3.29074
3669 0.668 -3.28996
3670 0.669 -3.28919
3671 0.67 -3.28841
3672 0.671 -3.28763
3673 0.672 -3.28686
3674 0.673 -3.28608
3675 0.674 -3.2853
3676 0.675 -3.28452
3677 0.676 -3.28374
3678 0.677 -3.28297
3679 0.678 -3.28219
3680 0.679 -3.28141
3681 0.68 -3.28062
3682 0.681 -3.27984
3683 0.682 -3.27906
3684 0.683 -3.27828
3685 0.684 -3.2775
3686 0.685 -3.27671
3687 0.686 -3.27593
3688 0.687 -3.27515
3689 0.688 -3.27436
3690 0.689 -3.27358
3691 0.69 -3.27279
3692 0.691 -3.27201
3693 0.692 -3.27122
3694 0.693 -3.27043
3695 0.694 -3.26965
3696 0.695 -3.26886
3697 0.696 -3.26807
3698 0.697 -3.26728
3699 0.698 -3.26649
3700 0.699 -3.2657
3701 0.7 -3.26491
3702 0.701 -3.26412
3703 0.702 -3.26333
3704 0.703 -3.26254
3705 0.704 -3.26174
3706 0.705 -3.26095
3707 0.706 -3.26016
3708 0.707 -3.25936
3709 0.708 -3.25857
3710 0.709 -3.25778
3711 0.71 -3.25698
3712 0.711 -3.25618
3713 0.712 -3.25539
3714 0.713 -3.25459
3715 0.714 -3.25379
3716 0.715 -3.253
3717 0.716 -3.2522
3718 0.717 -3.2514
3719 0.718 -3.2506
3720 0.719 -3.2498
3721 0.72 -3.249
3722 0.721 -3.2482
3723 0.722 -3.2474
3724 0.723 -3.2466
3725 0.724 -3.24579
3726 0.725 -3.24499
3727 0.726 -3.24419
3728 0.727 -3.24338
3729 0.728 -3.24258
3730 0.729 -3.24177
3731 0.73 -3.24097
3732 0.731 -3.24016
3733 0.732 -3.23935
3734 0.733 -3.23855
3735 0.734 -3.23774
3736 0.735 -3.23693
3737 0.736 -3.23612
3738 0.737 -3.23531
3739 0.738 -3.2345
3740 0.739 -3.23369
3741 0.74 -3.23288
3742 0.741 -3.23207
3743 0.742 -3.23126
3744 0.743 -3.23045
3745 0.744 -3.22963
3746 0.745 -3.22882
3747 0.746 -3.22801
3748 0.747 -3.22719
3749 0.748 -3.22638
3750 0.749 -3.22556
3751 0.75 -3.22474
3752 0.751 -3.22393
3753 0.752 -3.22311
3754 0.753 -3.22229
3755 0.754 -3.22147
3756 0.755 -3.22066
3757 0.756 -3.21984
3758 0.757 -3.21902
3759 0.758 -3.2182
3760 0.759 -3.21737
3761 0.76 -3.21655
3762 0.761 -3.21573
3763 0.762 -3.21491
3764 0.763 -3.21408
3765 0.764 -3.21326
3766 0.765 -3.21244
3767 0.766 -3.21161
3768 0.767 -3.21078
3769 0.768 -3.20996
3770 0.769 -3.20913
3771 0.77 -3.2083
3772 0.771 -3.20748
3773 0.772 -3.20665
3774 0.773 -3.20582
3775 0.774 -3.20499
3776 0.775 -3.20416
3777 0.776 -3.20333
3778 0.777 -3.2025
3779 0.778 -3.20167
3780 0.779 -3.20083
3781 0.78 -3.2
3782 0.781 -3.19917
3783 0.782 -3.19833
3784 0.783 -3.1975
3785 0.784 -3.19666
3786 0.785 -3.19583
3787 0.786 -3.19499
3788 0.787 -3.19415
3789 0.788 -3.19331
3790 0.789 -3.19248
3791 0.79 -3.19164
3792 0.791 -3.1908
3793 0.792 -3.18996
3794 0.793 -3.18912
3795 0.794 -3.18828
3796 0.795 -3.18743
3797 0.796 -3.18659
3798 0.797 -3.18575
3799 0.798 -3.18491
3800 0.799 -3.18406
3801 0.8 -3.18322
3802 0.801 -3.18237
3803 0.802 -3.18152
3804 0.803 -3.18068
3805 0.804 -3.17983
3806 0.805 -3.17898
3807 0.806 -3.17813
3808 0.807 -3.17729
3809 0.808 -3.17644
3810 0.809 -3.17558
3811 0.81 -3.17473
3812 0.811 -3.17388
3813 0.812 -3.17303
3814 0.813 -3.17218
3815 0.814 -3.17132
3816 0.815 -3.17047
3817 0.816 -3.16962
3818 0.817 -3.16876
3819 0.818 -3.1679
3820 0.819 -3.16705
3821 0.82 -3.16619
3822 0.821 -3.16533
3823 0.822 -3.16447
3824 0.823 -3.16362
3825 0.824 -3.16276
3826 0.825 -3.1619
3827 0.826 -3.16103
3828 0.827 -3.16017
3829 0.828 -3.15931
3830 0.829 -3.15845
3831 0.83 -3.15758
3832 0.831 -3.15672
3833 0.832 -3.15585
3834 0.833 -3.15499
3835 0.834 -3.15412
3836 0.835 -3.15326
3837 0.836 -3.15239
3838 0.837 -3.15152
3839 0.838 -3.15065
3840 0.839 -3.14978
3841 0.84 -3.14891
3842 0.841 -3.14804
3843 0.842 -3.14717
3844 0.843 -3.1463
3845 0.844 -3.14543
3846 0.845 -3.14455
3847 0.846 -3.14368
3848 0.847 -3.1428
3849 0.848 -3.14193
3850 0.849 -3.14105
3851 0.85 -3.14018
3852 0.851 -3.1393
3853 0.852 -3.13842
3854 0.853 -3.13754
3855 0.854 -3.13666
3856 0.855 -3.13578
3857 0.856 -3.1349
3858 0.857 -3.13402
3859 0.858 -3.13314
3860 0.859 -3.13225
3861 0.86 -3.13137
3862 0.861 -3.13049
3863 0.862 -3.1296
3864 0.863 -3.12872
3865 0.864 -3.12783
3866 0.865 -3.12694
3867 0.866 -3.12606
3868 0.867 -3.12517
3869 0.868 -3.12428
3870 0.869 -3.12339
3871 0.87 -3.1225
3872 0.871 -3.12161
3873 0.872 -3.12071
3874 0.873 -3.11982
3875 0.874 -3.11893
3876 0.875 -3.11803
3877 0.876 -3.11714
3878 0.877 -3.11624
3879 0.878 -3.11535
3880 0.879 -3.11445
3881 0.88 -3.11355
3882 0.881 -3.11265
3883 0.882 -3.11176
3884 0.883 -3.11086
3885 0.884 -3.10995
3886 0.885 -3.10905
3887 0.886 -3.10815
3888 0.887 -3.10725
3889 0.888 -3.10635
3890 0.889 -3.10544
3891 0.89 -3.10454
3892 0.891 -3.10363
3893 0.892 -3.10272
3894 0.893 -3.10182
3895 0.894 -3.10091
3896 0.895 -3.1
3897 0.896 -3.09909
3898 0.897 -3.09818
3899 0.898 -3.09727
3900 0.899 -3.09636
3901 0.9 -3.09545
3902 0.901 -3.09453
3903 0.902 -3.09362
3904 0.903 -3.0927
3905 0.904 -3.09179
3906 0.905 -3.09087
3907 0.906 -3.08995
3908 0.907 -3.08904
3909 0.908 -3.08812
3910 0.909 -3.0872
3911 0.91 -3.08628
3912 0.911 -3.08536
3913 0.912 -3.08444
3914 0.913 -3.08351
3915 0.914 -3.08259
3916 0.915 -3.08167
3917 0.916 -3.08074
3918 0.917 -3.07981
3919 0.918 -3.07889
3920 0.919 -3.07796
3921 0.92 -3.07703
3922 0.921 -3.0761
3923 0.922 -3.07517
3924 0.923 -3.07424
3925 0.924 -3.07331
3926 0.925 -3.07238
3927 0.926 -3.07145
3928 0.927 -3.07051
3929 0.928 -3.06958
3930 0.929 -3.06864
3931 0.93 -3.06771
3932 0.931 -3.06677
3933 0.932 -3.06583
3934 0.933 -3.06489
3935 0.934 -3.06395
3936 0.935 -3.06301
3937 0.936 -3.06207
3938 0.937 -3.06113
3939 0.938 -3.06019
3940 0.939 -3.05925
3941 0.94 -3.0583
3942 0.941 -3.05736
3943 0.942 -3.05641
3944 0.943 -3.05546
3945 0.944 -3.05451
3946 0.945 -3.05357
3947 0.946 -3.05262
3948 0.947 -3.05167
3949 0.948 -3.05071
3950 0.949 -3.04976
3951 0.95 -3.04881
3952 0.951 -3.04785
3953 0.952 -3.0469
3954 0.953 -3.04594
3955 0.954 -3.04499
3956 0.955 -3.04403
3957 0.956 -3.04307
3958 0.957 -3.04211
3959 0.958 -3.04115
3960 0.959 -3.04019
3961 0.96 -3.03923
3962 0.961 -3.03827
3963 0.962 -3.0373
3964 0.963 -3.03634
3965 0.964 -3.03537
3966 0.965 -3.03441
3967 0.966 -3.03344
3968 0.967 -3.03247
3969 0.968 -3.0315
3970 0.969 -3.03053
3971 0.97 -3.02956
3972 0.971 -3.02859
3973 0.972 -3.02762
3974 0.973 -3.02665
3975 0.974 -3.02567
3976 0.975 -3.0247
3977 0.976 -3.02372
3978 0.977 -3.02274
3979 0.978 -3.02176
3980 0.979 -3.02078
3981 0.98 -3.0198
3982 0.981 -3.01882
3983 0.982 -3.01784
3984 0.983 -3.01686
3985 0.984 -3.01587
3986 0.985 -3.01489
3987 0.986 -3.0139
3988 0.987 -3.01292
3989 0.988 -3.01193
3990 0.989 -3.01094
3991 0.99 -3.00995
3992 0.991 -3.00896
3993 0.992 -3.00797
3994 0.993 -3.00698
3995 0.994 -3.00598
3996 0.995 -3.00499
3997 0.996 -3.00399
3998 0.997 -3.003
3999 0.998 -3.002
4000 0.999 -3.001
4001 1 -3
4002 1.001 -2.999
4003 1.002 -2.998
4004 1.003 -2.997
4005 1.004 -2.99599
4006 1.005 -2.99499
4007 1.006 -2.99398
4008 1.007 -2.99298
4009 1.008 -2.99197
4010 1.009 -2.99096
4011 1.01 -2.98995
4012 1.011 -2.98894
4013 1.012 -2.98793
4014 1.013 -2.98691
4015 1.014 -2.9859
4016 1.015 -2.98489
4017 1.016 -2.98387
4018 1.017 -2.98285
4019 1.018 -2.98184
4020 1.019 -2.98082
4021 1.02 -2.9798
4022 1.021 -2.97877
4023 1.022 -2.97775
4024 1.023 -2.97673
4025 1.024 -2.9757
4026 1.025 -2.97468
4027 1.026 -2.97365
4028 1.027 -2.97263
4029 1.028 -2.9716
4030 1.029 -2.97057
4031 1.03 -2.96954
4032 1.031 -2.9685
4033 1.032 -2.96747
4034 1.033 -2.96644
4035 1.034 -2.9654
4036 1.035 -2.96437
4037 1.036 -2.96333
4038 1.037 -2.96229
4039 1.038 -2.96125
4040 1.039 -2.96021
4041 1.04 -2.95917
4042 1.041 -2.95812
4043 1.042 -2.95708
4044 1.043 -2.95603
4045 1.044 -2.95499
4046 1.045 -2.95394
4047 1.046 -2.95289
4048 1.047 -2.95184
4049 1.048 -2.95079
4050 1.049 -2.94974
4051 1.05 -2.94868
4052 1.051 -2.94763
4053 1.052 -2.94657
4054 1.053 -2.94552
4055 1.054 -2.94446
4056 1.055 -2.9434
4057 1.056 -2.94234
4058 1.057 -2.94128
4059 1.058 -2.94021
4060 1.059 -2.93915
4061 1.06 -2.93808
4062 1.061 -2.93702
4063 1.062 -2.93595
4064 1.063 -2.93488
4065 1.064 -2.93381
4066 1.065 -2.93274
4067 1.066 -2.93167
4068 1.067 -2.93059
4069 1.068 -2.92952
4070 1.069 -2.92844
4071 1.07 -2.92736
4072 1.071 -2.92628
4073 1.072 -2.9252
4074 1.073 -2.92412
4075 1.074 -2.92304
4076 1.075 -2.92195
4077 1.076 -2.92087
4078 1.077 -2.91978
4079 1.078 -2.91869
4080 1.079 -2.91761
4081 1.08 -2.91652
4082 1.081 -2.91542
4083 1.082 -2.91433
4084 1.083 -2.91324
4085 1.084 -2.91214
4086 1.085 -2.91104
4087 1.086 -2.90995
4088 1.087 -2.90885
4089 1.088 -2.90774
4090 1.089 -2.90664
4091 1.09 -2.90554
4092 1.091 -2.90443
4093 1.092 -2.90333
4094 1.093 -2.90222
4095 1.094 -2.90111
4096 1.095 -2.9
4097 1.096 -2.89889
4098 1.097 -2.89778
4099 1.098 -2.89666
4100 1.099 -2.89554
4101 1.1 -2.89443
4102 1.101 -2.89331
4103 1.102 -2.89219
4104 1.103 -2.89107
4105 1.104 -2.88994
4106 1.105 -2.88882
4107 1.106 -2.88769
4108 1.107 -2.88657
4109 1.108 -2.88544
4110 1.109 -2.88431
4111 1.11 -2.88318
4112 1.111 -2.88204
4113 1.112 -2.88091
4114 1.113 -2.87977
4115 1.114 -2.87864
4116 1.115 -2.8775
4117 1.116 -2.87636
4118 1.117 -2.87521
4119 1.118 -2.87407
4120 1.119 -2.87293
4121 1.12 -2.87178
4122 1.121 -2.87063
4123 1.122 -2.86948
4124 1.123 -2.86833
4125 1.124 -2.86718
4126 1.125 -2.86603
4127 1.126 -2.86487
4128 1.127 -2.86371
4129 1.128 -2.86255
4130 1.129 -2.86139
4131 1.13 -2.86023
4132 1.131 -2.85907
4133 1.132 -2.8579
4134 1.133 -2.85674
4135 1.134 -2.85557
4136 1.135 -2.8544
4137 1.136 -2.85323
4138 1.137 -2.85206
4139 1.138 -2.85088
4140 1.139 -2.84971
4141 1.14 -2.84853
4142 1.141 -2.84735
4143 1.142 -2.84617
4144 1.143 -2.84499
4145 1.144 -2.8438
4146 1.145 -2.84261
4147 1.146 -2.84143
4148 1.147 -2.84024
4149 1.148 -2.83905
4150 1.149 -2.83785
4151 1.15 -2.83666
4152 1.151 -2.83546
4153 1.152 -2.83427
4154 1.153 -2.83307
4155 1.154 -2.83187
4156 1.155 -2.83066
4157 1.156 -2.82946
4158 1.157 -2.82825
4159 1.158 -2.82704
4160 1.159 -2.82583
4161 1.16 -2.82462
4162 1.161 -2.82341
4163 1.162 -2.82219
4164 1.163 -2.82098
4165 1.164 -2.81976
4166 1.165 -2.81854
4167 1.166 -2.81731
4168 1.167 -2.81609
4169 1.168 -2.81486
4170 1.169 -2.81363
4171 1.17 -2.8124
4172 1.171 -2.81117
4173 1.172 -2.80994
4174 1.173 -2.8087
4175 1.174 -2.80747
4176 1.175 -2.80623
4177 1.176 -2.80498
4178 1.177 -2.80374
4179 1.178 -2.8025
4180 1.179 -2.80125
4181 1.18 -2.8
4182 1.181 -2.79875
4183 1.182 -2.7975
4184 1.183 -2.79624
4185 1.184 -2.79498
4186 1.185 -2.79373
4187 1.186 -2.79246
4188 1.187 -2.7912
4189 1.188 -2.78994
4190 1.189 -2.78867
4191 1.19 -2.7874
4192 1.191 -2.78613
4193 1.192 -2.78486
4194 1.193 -2.78358
4195 1.194 -2.7823
4196 1.195 -2.78102
4197 1.196 -2.77974
4198 1.197 -2.77846
4199 1.198 -2.77717
4200 1.199 -2.77589
4201 1.2 -2.7746
4202 1.201 -2.7733
4203 1.202 -2.77201
4204 1.203 -2.77071
4205 1.204 -2.76942
4206 1.205 -2.76811
4207 1.206 -2.76681
4208 1.207 -2.76551
4209 1.208 -2.7642
4210 1.209 -2.76289
4211 1.21 -2.76158
4212 1.211 -2.76026
4213 1.212 -2.75895
4214 1.213 -2.75763
4215 1.214 -2.75631
4216 1.215 -2.75498
4217 1.216 -2.75366
4218 1.217 -2.75233
4219 1.218 -2.751
4220 1.219 -2.74967
4221 1.22 -2.74833
4222 1.221 -2.74699
4223 1.222 -2.74565
4224 1.223 -2.74431
4225 1.224 -2.74297
4226 1.225 -2.74162
4227 1.226 -2.74027
4228 1.227 -2.73892
4229 1.228 -2.73756
4230 1.229 -2.73621
4231 1.23 -2.73485
4232 1.231 -2.73348
4233 1.232 -2.73212
4234 1.233 -2.73075
4235 1.234 -2.72938
4236 1.235 -2.72801
4237 1.236 -2.72664
4238 1.237 -2.72526
4239 1.238 -2.72388
4240 1.239 -2.7225
4241 1.24 -2.72111
4242 1.241 -2.71972
4243 1.242 -2.71833
4244 1.243 -2.71694
4245 1.244 -2.71554
4246 1.245 -2.71414
4247 1.246 -2.71274
4248 1.247 -2.71134
4249 1.248 -2.70993
4250 1.249 -2.70852
4251 1.25 -2.70711
4252 1.251 -2.70569
4253 1.252 -2.70427
4254 1.253 -2.70285
4255 1.254 -2.70143
4256 1.255 -2.7
4257 1.256 -2.69857
4258 1.257 -2.69714
4259 1.258 -2.6957
4260 1.259 -2.69426
4261 1.26 -2.69282
4262 1.261 -2.69138
4263 1.262 -2.68993
4264 1.263 -2.68848
4265 1.264 -2.68702
4266 1.265 -2.68557
4267 1.266 -2.68411
4268 1.267 -2.68264
4269 1.268 -2.68118
4270 1.269 -2.67971
4271 1.27 -2.67823
4272 1.271 -2.67676
4273 1.272 -2.67528
4274 1.273 -2.6738
4275 1.274 -2.67231
4276 1.275 -2.67082
4277 1.276 -2.66933
4278 1.277 -2.66783
4279 1.278 -2.66633
4280 1.279 -2.66483
4281 1.28 -2.66332
4282 1.281 -2.66182
4283 1.282 -2.6603
4284 1.283 -2.65879
4285 1.284 -2.65727
4286 1.285 -2.65574
4287 1.286 -2.65422
4288 1.287 -2.65269
4289 1.288 -2.65115
4290 1.289 -2.64962
4291 1.29 -2.64807
4292 1.291 -2.64653
4293 1.292 -2.64498
4294 1.293 -2.64343
4295 1.294 -2.64187
4296 1.295 -2.64031
4297 1.296 -2.63875
4298 1.297 -2.63718
4299 1.298 -2.63561
4300 1.299 -2.63403
4301 1.3 -2.63246
4302 1.301 -2.63087
4303 1.302 -2.62929
4304 1.303 -2.62769
4305 1.304 -2.6261
4306 1.305 -2.6245
4307 1.306 -2.6229
4308 1.307 -2.62129
4309 1.308 -2.61968
4310 1.309 -2.61806
4311 1.31 -2.61644
4312 1.311 -2.61482
4313 1.312 -2.61319
4314 1.313 -2.61156
4315 1.314 -2.60992
4316 1.315 -2.60828
4317 1.316 -2.60663
4318 1.317 -2.60498
4319 1.318 -2.60332
4320 1.319 -2.60166
4321 1.32 -2.6
4322 1.321 -2.59833
4323 1.322 -2.59666
4324 1.323 -2.59498
4325 1.324 -2.5933
4326 1.325 -2.59161
4327 1.326 -2.58992
4328 1.327 -2.58822
4329 1.328 -2.58652
4330 1.329 -2.58481
4331 1.33 -2.5831
4332 1.331 -2.58138
4333 1.332 -2.57966
4334 1.333 -2.57793
4335 1.334 -2.57619
4336 1.335 -2.57446
4337 1.336 -2.57271
4338 1.337 -2.57096
4339 1.338 -2.56921
4340 1.339 -2.56745
4341 1.34 -2.56569
4342 1.341 -2.56391
4343 1.342 -2.56214
4344 1.343 -2.56036
4345 1.344 -2.55857
4346 1.345 -2.55678
4347 1.346 -2.55498
4348 1.347 -2.55317
4349 1.348 -2.55136
4350 1.349 -2.54955
4351 1.35 -2.54772
4352 1.351 -2.54589
4353 1.352 -2.54406
4354 1.353 -2.54222
4355 1.354 -2.54037
4356 1.355 -2.53852
4357 1.356 -2.53666
4358 1.357 -2.53479
4359 1.358 -2.53292
4360 1.359 -2.53104
4361 1.36 -2.52915
4362 1.361 -2.52726
4363 1.362 -2.52536
4364 1.363 -2.52345
4365 1.364 -2.52154
4366 1.365 -2.51962
4367 1.366 -2.51769
4368 1.367 -2.51575
4369 1.368 -2.51381
4370 1.369 -2.51186
4371 1.37 -2.5099
4372 1.371 -2.50794
4373 1.372 -2.50596
4374 1.373 -2.50398
4375 1.374 -2.502
4376 1.375 -2.5
4377 1.376 -2.498
4378 1.377 -2.49598
4379 1.378 -2.49396
4380 1.379 -2.49193
4381 1.38 -2.4899
4382 1.381 -2.48785
4383 1.382 -2.4858
4384 1.383 -2.48374
4385 1.384 -2.48166
4386 1.385 -2.47958
4387 1.386 -2.47749
4388 1.387 -2.47539
4389 1.388 -2.47329
4390 1.389 -2.47117
4391 1.39 -2.46904
4392 1.391 -2.4669
4393 1.392 -2.46476
4394 1.393 -2.4626
4395 1.394 -2.46043
4396 1.395 -2.45826
4397 1.396 -2.45607
4398 1.397 -2.45387
4399 1.398 -2.45166
4400 1.399 -2.44944
4401 1.4 -2.44721
4402 1.401 -2.44497
4403 1.402 -2.44272
4404 1.403 -2.44045
4405 1.404 -2.43818
4406 1.405 -2.43589
4407 1.406 -2.43359
4408 1.407 -2.43128
4409 1.408 -2.42895
4410 1.409 -2.42661
4411 1.41 -2.42426
4412 1.411 -2.4219
4413 1.412 -2.41952
4414 1.413 -2.41713
4415 1.414 -2.41473
4416 1.415 -2.41231
4417 1.416 -2.40988
4418 1.417 -2.40743
4419 1.418 -2.40497
4420 1.419 -2.40249
4421 1.42 -2.4
4422 1.421 -2.39749
4423 1.422 -2.39497
4424 1.423 -2.39243
4425 1.424 -2.38987
4426 1.425 -2.3873
4427 1.426 -2.38471
4428 1.427 -2.3821
4429 1.428 -2.37947
4430 1.429 -2.37683
4431 1.43 -2.37417
4432 1.431 -2.37148
4433 1.432 -2.36878
4434 1.433 -2.36606
4435 1.434 -2.36332
4436 1.435 -2.36056
4437 1.436 -2.35777
4438 1.437 -2.35496
4439 1.438 -2.35214
4440 1.439 -2.34928
4441 1.44 -2.34641
4442 1.441 -2.34351
4443 1.442 -2.34059
4444 1.443 -2.33764
4445 1.444 -2.33466
4446 1.445 -2.33166
4447 1.446 -2.32863
4448 1.447 -2.32558
4449 1.448 -2.32249
4450 1.449 -2.31937
4451 1.45 -2.31623
4452 1.451 -2.31305
4453 1.452 -2.30984
4454 1.453 -2.30659
4455 1.454 -2.30332
4456 1.455 -2.3
4457 1.456 -2.29665
4458 1.457 -2.29326
4459 1.458 -2.28983
4460 1.459 -2.28636
4461 1.46 -2.28284
4462 1.461 -2.27928
4463 1.462 -2.27568
4464 1.463 -2.27203
4465 1.464 -2.26833
4466 1.465 -2.26458
4467 1.466 -2.26077
4468 1.467 -2.2569
4469 1.468 -2.25298
4470 1.469 -2.249
4471 1.47 -2.24495
4472 1.471 -2.24083
4473 1.472 -2.23664
4474 1.473 -2.23238
4475 1.474 -2.22804
4476 1.475 -2.22361
4477 1.476 -2.21909
4478 1.477 -2.21448
4479 1.478 -2.20976
4480 1.479 -2.20494
4481 1.48 -2.2
4482 1.481 -2.19494
4483 1.482 -2.18974
4484 1.483 -2.18439
4485 1.484 -2.17889
4486 1.485 -2.17321
4487 1.486 -2.16733
4488 1.487 -2.16125
4489 1.488 -2.15492
4490 1.489 -2.14832
4491 1.49 -2.14142
4492 1.491 -2.13416
4493 1.492 -2.12649
4494 1.493 -2.11832
4495 1.494 -2.10954
4496 1.495 -2.1
4497 1.496 -2.08944
4498 1.497 -2.07746
4499 1.498 -2.06325
4500 1.499 -2.04472
