1 0.001 -0.0258199
2 0.002 -0.0365148
3 0.003 -0.0447214
4 0.004 -0.0516398
5 0.005 -0.057735
6 0.006 -0.0632456
7 0.007 -0.068313
8 0.008 -0.0730297
9 0.009 -0.0774597
10 0.01 -0.0816497
11 0.011 -0.0856349
12 0.012 -0.0894427
13 0.013 -0.0930949
14 0.014 -0.0966092
15 0.015 -0.1
16 0.016 -0.10328
17 0.017 -0.106458
18 0.018 -0.109545
19 0.019 -0.112546
20 0.02 -0.11547
21 0.021 -0.118322
22 0.022 -0.121106
23 0.023 -0.123828
24 0.024 -0.126491
25 0.025 -0.129099
26 0.026 -0.131656
27 0.027 -0.134164
28 0.028 -0.136626
29 0.029 -0.139044
30 0.03 -0.141421
31 0.031 -0.143759
32 0.032 -0.146059
33 0.033 -0.148324
34 0.034 -0.150555
35 0.035 -0.152753
36 0.036 -0.154919
37 0.037 -0.157056
38 0.038 -0.159164
39 0.039 -0.161245
40 0.04 -0.163299
41 0.041 -0.165328
42 0.042 -0.167332
43 0.043 -0.169312
44 0.044 -0.17127
45 0.045 -0.173205
46 0.046 -0.175119
47 0.047 -0.177012
48 0.048 -0.178885
49 0.049 -0.180739
50 0.05 -0.182574
51 0.051 -0.184391
52 0.052 -0.18619
53 0.053 -0.187972
54 0.054 -0.189737
55 0.055 -0.191485
56 0.056 -0.193218
57 0.057 -0.194936
58 0.058 -0.196638
59 0.059 -0.198326
60 0.06 -0.2
61 0.061 -0.20166
62 0.062 -0.203306
63 0.063 -0.204939
64 0.064 -0.206559
65 0.065 -0.208167
66 0.066 -0.209762
67 0.067 -0.211345
68 0.068 -0.212916
69 0.069 -0.214476
70 0.07 -0.216025
71 0.071 -0.217562
72 0.072 -0.219089
73 0.073 -0.220605
74 0.074 -0.222111
75 0.075 -0.223607
76 0.076 -0.225093
77 0.077 -0.226569
78 0.078 -0.228035
79 0.079 -0.229492
80 0.08 -0.23094
81 0.081 -0.232379
82 0.082 -0.233809
83 0.083 -0.23523
84 0.084 -0.236643
85 0.085 -0.238048
86 0.086 -0.239444
87 0.087 -0.240832
88 0.088 -0.242212
89 0.089 -0.243584
90 0.09 -0.244949
91 0.091 -0.246306
92 0.092 -0.247656
93 0.093 -0.248998
94 0.094 -0.250333
95 0.095 -0.251661
96 0.096 -0.252982
97 0.097 -0.254296
98 0.098 -0.255604
99 0.099 -0.256905
100 0.1 -0.258199
101 0.101 -0.259487
102 0.102 -0.260768
103 0.103 -0.262043
104 0.104 -0.263312
105 0.105 -0.264575
106 0.106 -0.265832
107 0.107 -0.267083
108 0.108 -0.268328
109 0.109 -0.269568
110 0.11 -0.270801
111 0.111 -0.272029
112 0.112 -0.273252
113 0.113 -0.274469
114 0.114 -0.275681
115 0.115 -0.276887
116 0.116 -0.278089
117 0.117 -0.279285
118 0.118 -0.280476
119 0.119 -0.281662
120 0.12 -0.282843
121 0.121 -0.284019
122 0.122 -0.28519
123 0.123 -0.286356
124 0.124 -0.287518
125 0.125 -0.288675
126 0.126 -0.289828
127 0.127 -0.290975
128 0.128 -0.292119
129 0.129 -0.293258
130 0.13 -0.294392
131 0.131 -0.295522
132 0.132 -0.296648
133 0.133 -0.297769
134 0.134 -0.298887
135 0.135 -0.3
136 0.136 -0.301109
137 0.137 -0.302214
138 0.138 -0.303315
139 0.139 -0.304412
140 0.14 -0.305505
141 0.141 -0.306594
142 0.142 -0.307679
143 0.143 -0.308761
144 0.144 -0.309839
145 0.145 -0.310913
146 0.146 -0.311983
147 0.147 -0.31305
148 0.148 -0.314113
149 0.149 -0.315172
150 0.15 -0.316228
151 0.151 -0.31728
152 0.152 -0.318329
153 0.153 -0.319374
154 0.154 -0.320416
155 0.155 -0.321455
156 0.156 -0.32249
157 0.157 -0.323522
158 0.158 -0.324551
159 0.159 -0.325576
160 0.16 -0.326599
161 0.161 -0.327618
162 0.162 -0.328634
163 0.163 -0.329646
164 0.164 -0.330656
165 0.165 -0.331662
166 0.166 -0.332666
167 0.167 -0.333667
168 0.168 -0.334664
169 0.169 -0.335659
170 0.17 -0.33665
171 0.171 -0.337639
172 0.172 -0.338625
173 0.173 -0.339608
174 0.174 -0.340588
175 0.175 -0.341565
176 0.176 -0.34254
177 0.177 -0.343511
178 0.178 -0.34448
179 0.179 -0.345447
180 0.18 -0.34641
181 0.181 -0.347371
182 0.182 -0.348329
183 0.183 -0.349285
184 0.184 -0.350238
185 0.185 -0.351188
186 0.186 -0.352136
187 0.187 -0.353082
188 0.188 -0.354024
189 0.189 -0.354965
190 0.19 -0.355903
191 0.191 -0.356838
192 0.192 -0.357771
193 0.193 -0.358701
194 0.194 -0.359629
195 0.195 -0.360555
196 0.196 -0.361478
197 0.197 -0.362399
198 0.198 -0.363318
199 0.199 -0.364234
200 0.2 -0.365148
201 0.201 -0.36606
202 0.202 -0.36697
203 0.203 -0.367877
204 0.204 -0.368782
205 0.205 -0.369685
206 0.206 -0.370585
207 0.207 -0.371484
208 0.208 -0.37238
209 0.209 -0.373274
210 0.21 -0.374166
211 0.211 -0.375056
212 0.212 -0.375943
213 0.213 -0.376829
214 0.214 -0.377712
215 0.215 -0.378594
216 0.216 -0.379473
217 0.217 -0.380351
218 0.218 -0.381226
219 0.219 -0.382099
220 0.22 -0.382971
221 0.221 -0.38384
222 0.222 -0.384708
223 0.223 -0.385573
224 0.224 -0.386437
225 0.225 -0.387298
226 0.226 -0.388158
227 0.227 -0.389016
228 0.228 -0.389872
229 0.229 -0.390726
230 0.23 -0.391578
231 0.231 -0.392428
232 0.232 -0.393277
233 0.233 -0.394124
234 0.234 -0.394968
235 0.235 -0.395811
236 0.236 -0.396653
237 0.237 -0.397492
238 0.238 -0.39833
239 0.239 -0.399166
240 0.24 -0.4
241 0.241 -0.400832
242 0.242 -0.401663
243 0.243 -0.402492
244 0.244 -0.40332
245 0.245 -0.404145
246 0.246 -0.404969
247 0.247 -0.405791
248 0.248 -0.406612
249 0.249 -0.407431
250 0.25 -0.408248
251 0.251 -0.409064
252 0.252 -0.409878
253 0.253 -0.41069
254 0.254 -0.411501
255 0.255 -0.412311
256 0.256 -0.413118
257 0.257 -0.413924
258 0.258 -0.414729
259 0.259 -0.415532
260 0.26 -0.416333
261 0.261 -0.417133
262 0.262 -0.417931
263 0.263 -0.418728
264 0.264 -0.419524
265 0.265 -0.420317
266 0.266 -0.42111
267 0.267 -0.4219
268 0.268 -0.42269
269 0.269 -0.423478
270 0.27 -0.424264
271 0.271 -0.425049
272 0.272 -0.425833
273 0.273 -0.426615
274 0.274 -0.427395
275 0.275 -0.428174
276 0.276 -0.428952
277 0.277 -0.429729
278 0.278 -0.430504
279 0.279 -0.431277
280 0.28 -0.432049
281 0.281 -0.43282
282 0.282 -0.43359
283 0.283 -0.434358
284 0.284 -0.435125
285 0.285 -0.43589
286 0.286 -0.436654
287 0.287 -0.437417
288 0.288 -0.438178
289 0.289 -0.438938
290 0.29 -0.439697
291 0.291 -0.440454
292 0.292 -0.44121
293 0.293 -0.441965
294 0.294 -0.442719
295 0.295 -0.443471
296 0.296 -0.444222
297 0.297 -0.444972
298 0.298 -0.44572
299 0.299 -0.446468
300 0.3 -0.447214
301 0.301 -0.447958
302 0.302 -0.448702
303 0.303 -0.449444
304 0.304 -0.450185
305 0.305 -0.450925
306 0.306 -0.451664
307 0.307 -0.452401
308 0.308 -0.453137
309 0.309 -0.453872
310 0.31 -0.454606
311 0.311 -0.455339
312 0.312 -0.45607
313 0.313 -0.4568
314 0.314 -0.45753
315 0.315 -0.458258
316 0.316 -0.458984
317 0.317 -0.45971
318 0.318 -0.460435
319 0.319 -0.461158
320 0.32 -0.46188
321 0.321 -0.462601
322 0.322 -0.463321
323 0.323 -0.46404
324 0.324 -0.464758
325 0.325 -0.465475
326 0.326 -0.46619
327 0.327 -0.466905
328 0.328 -0.467618
329 0.329 -0.46833
330 0.33 -0.469042
331 0.331 -0.469752
332 0.332 -0.470461
333 0.333 -0.471169
334 0.334 -0.471876
335 0.335 -0.472582
336 0.336 -0.473286
337 0.337 -0.47399
338 0.338 -0.474693
339 0.339 -0.475395
340 0.34 -0.476095
341 0.341 -0.476795
342 0.342 -0.477493
343 0.343 -0.478191
344 0.344 -0.478888
345 0.345 -0.479583
346 0.346 -0.480278
347 0.347 -0.480971
348 0.348 -0.481664
349 0.349 -0.482355
350 0.35 -0.483046
351 0.351 -0.483735
352 0.352 -0.484424
353 0.353 -0.485112
354 0.354 -0.485798
355 0.355 -0.486484
356 0.356 -0.487169
357 0.357 -0.487852
358 0.358 -0.488535
359 0.359 -0.489217
360 0.36 -0.489898
361 0.361 -0.490578
362 0.362 -0.491257
363 0.363 -0.491935
364 0.364 -0.492612
365 0.365 -0.493288
366 0.366 -0.493964
367 0.367 -0.494638
368 0.368 -0.495311
369 0.369 -0.495984
370 0.37 -0.496655
371 0.371 -0.497326
372 0.372 -0.497996
373 0.373 -0.498665
374 0.374 -0.499333
375 0.375 -0.5
376 0.376 -0.500666
377 0.377 -0.501332
378 0.378 -0.501996
379 0.379 -0.50266
380 0.38 -0.503322
381 0.381 -0.503984
382 0.382 -0.504645
383 0.383 -0.505305
384 0.384 -0.505964
385 0.385 -0.506623
386 0.386 -0.50728
387 0.387 -0.507937
388 0.388 -0.508593
389 0.389 -0.509248
390 0.39 -0.509902
391 0.391 -0.510555
392 0.392 -0.511208
393 0.393 -0.511859
394 0.394 -0.51251
395 0.395 -0.51316
396 0.396 -0.513809
397 0.397 -0.514458
398 0.398 -0.515105
399 0.399 -0.515752
400 0.4 -0.516398
401 0.401 -0.517043
402 0.402 -0.517687
403 0.403 -0.518331
404 0.404 -0.518973
405 0.405 -0.519615
406 0.406 -0.520256
407 0.407 -0.520897
408 0.408 -0.521536
409 0.409 -0.522175
410 0.41 -0.522813
411 0.411 -0.52345
412 0.412 -0.524087
413 0.413 -0.524722
414 0.414 -0.525357
415 0.415 -0.525991
416 0.416 -0.526624
417 0.417 -0.527257
418 0.418 -0.527889
419 0.419 -0.52852
420 0.42 -0.52915
421 0.421 -0.52978
422 0.422 -0.530409
423 0.423 -0.531037
424 0.424 -0.531664
425 0.425 -0.532291
426 0.426 -0.532917
427 0.427 -0.533542
428 0.428 -0.534166
429 0.429 -0.53479
430 0.43 -0.535413
431 0.431 -0.536035
432 0.432 -0.536656
433 0.433 -0.537277
434 0.434 -0.537897
435 0.435 -0.538516
436 0.436 -0.539135
437 0.437 -0.539753
438 0.438 -0.54037
439 0.439 -0.540987
440 0.44 -0.541603
441 0.441 -0.542218
442 0.442 -0.542832
443 0.443 -0.543446
444 0.444 -0.544059
445 0.445 -0.544671
446 0.446 -0.545283
447 0.447 -0.545894
448 0.448 -0.546504
449 0.449 -0.547114
450 0.45 -0.547723
451 0.451 -0.548331
452 0.452 -0.548938
453 0.453 -0.549545
454 0.454 -0.550151
455 0.455 -0.550757
456 0.456 -0.551362
457 0.457 -0.551966
458 0.458 -0.55257
459 0.459 -0.553173
460 0.46 -0.553775
461 0.461 -0.554377
462 0.462 -0.554977
463 0.463 -0.555578
464 0.464 -0.556177
465 0.465 -0.556776
466 0.466 -0.557375
467 0.467 -0.557973
468 0.468 -0.55857
469 0.469 -0.559166
470 0.47 -0.559762
471 0.471 -0.560357
472 0.472 -0.560952
473 0.473 -0.561545
474 0.474 -0.562139
475 0.475 -0.562731
476 0.476 -0.563323
477 0.477 -0.563915
478 0.478 -0.564506
479 0.479 -0.565096
480 0.48 -0.565685
481 0.481 -0.566274
482 0.482 -0.566863
483 0.483 -0.56745
484 0.484 -0.568038
485 0.485 -0.568624
486 0.486 -0.56921
487 0.487 -0.569795
488 0.488 -0.57038
489 0.489 -0.570964
490 0.49 -0.571548
491 0.491 -0.572131
492 0.492 -0.572713
493 0.493 -0.573295
494 0.494 -0.573876
495 0.495 -0.574456
496 0.496 -0.575036
497 0.497 -0.575616
498 0.498 -0.576194
499 0.499 -0.576773
500 0.5 -0.57735
501 0.501 -0.577927
502 0.502 -0.578504
503 0.503 -0.57908
504 0.504 -0.579655
505 0.505 -0.58023
506 0.506 -0.580804
507 0.507 -0.581378
508 0.508 -0.581951
509 0.509 -0.582523
510 0.51 -0.583095
511 0.511 -0.583667
512 0.512 -0.584237
513 0.513 -0.584808
514 0.514 -0.585377
515 0.515 -0.585947
516 0.516 -0.586515
517 0.517 -0.587083
518 0.518 -0.587651
519 0.519 -0.588218
520 0.52 -0.588784
521 0.521 -0.58935
522 0.522 -0.589915
523 0.523 -0.59048
524 0.524 -0.591044
525 0.525 -0.591608
526 0.526 -0.592171
527 0.527 -0.592734
528 0.528 -0.593296
529 0.529 -0.593857
530 0.53 -0.594418
531 0.531 -0.594979
532 0.532 -0.595539
533 0.533 -0.596098
534 0.534 -0.596657
535 0.535 -0.597216
536 0.536 -0.597774
537 0.537 -0.598331
538 0.538 -0.598888
539 0.539 -0.599444
540 0.54 -0.6
541 0.541 -0.600555
542 0.542 -0.60111
543 0.543 -0.601664
544 0.544 -0.602218
545 0.545 -0.602771
546 0.546 -0.603324
547 0.547 -0.603876
548 0.548 -0.604428
549 0.549 -0.604979
550 0.55 -0.60553
551 0.551 -0.60608
552 0.552 -0.60663
553 0.553 -0.607179
554 0.554 -0.607728
555 0.555 -0.608276
556 0.556 -0.608824
557 0.557 -0.609371
558 0.558 -0.609918
559 0.559 -0.610464
560 0.56 -0.61101
561 0.561 -0.611555
562 0.562 -0.6121
563 0.563 -0.612645
564 0.564 -0.613188
565 0.565 -0.613732
566 0.566 -0.614275
567 0.567 -0.614817
568 0.568 -0.615359
569 0.569 -0.6159
570 0.57 -0.616441
571 0.571 -0.616982
572 0.572 -0.617522
573 0.573 -0.618061
574 0.574 -0.618601
575 0.575 -0.619139
576 0.576 -0.619677
577 0.577 -0.620215
578 0.578 -0.620752
579 0.579 -0.621289
580 0.58 -0.621825
581 0.581 -0.622361
582 0.582 -0.622896
583 0.583 -0.623431
584 0.584 -0.623966
585 0.585 -0.6245
586 0.586 -0.625033
587 0.587 -0.625566
588 0.588 -0.626099
589 0.589 -0.626631
590 0.59 -0.627163
591 0.591 -0.627694
592 0.592 -0.628225
593 0.593 -0.628755
594 0.594 -0.629285
595 0.595 -0.629815
596 0.596 -0.630344
597 0.597 -0.630872
598 0.598 -0.631401
599 0.599 -0.631928
600 0.6 -0.632456
601 0.601 -0.632982
602 0.602 -0.633509
603 0.603 -0.634035
604 0.604 -0.63456
605 0.605 -0.635085
606 0.606 -0.63561
607 0.607 -0.636134
608 0.608 -0.636658
609 0.609 -0.637181
610 0.61 -0.637704
611 0.611 -0.638227
612 0.612 -0.638749
613 0.613 -0.63927
614 0.614 -0.639792
615 0.615 -0.640312
616 0.616 -0.640833
617 0.617 -0.641353
618 0.618 -0.641872
619 0.619 -0.642391
620 0.62 -0.64291
621 0.621 -0.643428
622 0.622 -0.643946
623 0.623 -0.644464
624 0.624 -0.644981
625 0.625 -0.645497
626 0.626 -0.646013
627 0.627 -0.646529
628 0.628 -0.647045
629 0.629 -0.64756
630 0.63 -0.648074
631 0.631 -0.648588
632 0.632 -0.649102
633 0.633 -0.649615
634 0.634 -0.650128
635 0.635 -0.650641
636 0.636 -0.651153
637 0.637 -0.651665
638 0.638 -0.652176
639 0.639 -0.652687
640 0.64 -0.653197
641 0.641 -0.653707
642 0.642 -0.654217
643 0.643 -0.654726
644 0.644 -0.655235
645 0.645 -0.655744
646 0.646 -0.656252
647 0.647 -0.65676
648 0.648 -0.657267
649 0.649 -0.657774
650 0.65 -0.658281
651 0.651 -0.658787
652 0.652 -0.659293
653 0.653 -0.659798
654 0.654 -0.660303
655 0.655 -0.660808
656 0.656 -0.661312
657 0.657 -0.661816
658 0.658 -0.662319
659 0.659 -0.662822
660 0.66 -0.663325
661 0.661 -0.663827
662 0.662 -0.664329
663 0.663 -0.664831
664 0.664 -0.665332
665 0.665 -0.665833
666 0.666 -0.666333
667 0.667 -0.666833
668 0.668 -0.667333
669 0.669 -0.667832
670 0.67 -0.668331
671 0.671 -0.66883
672 0.672 -0.669328
673 0.673 -0.669826
674 0.674 -0.670323
675 0.675 -0.67082
676 0.676 -0.671317
677 0.677 -0.671813
678 0.678 -0.672309
679 0.679 -0.672805
680 0.68 -0.6733
681 0.681 -0.673795
682 0.682 -0.67429
683 0.683 -0.674784
684 0.684 -0.675278
685 0.685 -0.675771
686 0.686 -0.676264
687 0.687 -0.676757
688 0.688 -0.677249
689 0.689 -0.677741
690 0.69 -0.678233
691 0.691 -0.678724
692 0.692 -0.679215
693 0.693 -0.679706
694 0.694 -0.680196
695 0.695 -0.680686
696 0.696 -0.681175
697 0.697 -0.681665
698 0.698 -0.682153
699 0.699 -0.682642
700 0.7 -0.68313
701 0.701 -0.683618
702 0.702 -0.684105
703 0.703 -0.684592
704 0.704 -0.685079
705 0.705 -0.685565
706 0.706 -0.686052
707 0.707 -0.686537
708 0.708 -0.687023
709 0.709 -0.687508
710 0.71 -0.687992
711 0.711 -0.688477
712 0.712 -0.688961
713 0.713 -0.689444
714 0.714 -0.689928
715 0.715 -0.690411
716 0.716 -0.690893
717 0.717 -0.691375
718 0.718 -0.691857
719 0.719 -0.692339
720 0.72 -0.69282
721 0.721 -0.693301
722 0.722 -0.693782
723 0.723 -0.694262
724 0.724 -0.694742
725 0.725 -0.695222
726 0.726 -0.695701
727 0.727 -0.69618
728 0.728 -0.696659
729 0.729 -0.697137
730 0.73 -0.697615
731 0.731 -0.698093
732 0.732 -0.69857
733 0.733 -0.699047
734 0.734 -0.699524
735 0.735 -0.7
736 0.736 -0.700476
737 0.737 -0.700952
738 0.738 -0.701427
739 0.739 -0.701902
740 0.74 -0.702377
741 0.741 -0.702851
742 0.742 -0.703325
743 0.743 -0.703799
744 0.744 -0.704273
745 0.745 -0.704746
746 0.746 -0.705219
747 0.747 -0.705691
748 0.748 -0.706163
749 0.749 -0.706635
750 0.75 -0.707107
751 0.751 -0.707578
752 0.752 -0.708049
753 0.753 -0.70852
754 0.754 -0.70899
755 0.755 -0.70946
756 0.756 -0.70993
757 0.757 -0.710399
758 0.758 -0.710868
759 0.759 -0.711337
760 0.76 -0.711805
761 0.761 -0.712273
762 0.762 -0.712741
763 0.763 -0.713209
764 0.764 -0.713676
765 0.765 -0.714143
766 0.766 -0.714609
767 0.767 -0.715076
768 0.768 -0.715542
769 0.769 -0.716007
770 0.77 -0.716473
771 0.771 -0.716938
772 0.772 -0.717403
773 0.773 -0.717867
774 0.774 -0.718331
775 0.775 -0.718795
776 0.776 -0.719259
777 0.777 -0.719722
778 0.778 -0.720185
779 0.779 -0.720648
780 0.78 -0.72111
781 0.781 -0.721572
782 0.782 -0.722034
783 0.783 -0.722496
784 0.784 -0.722957
785 0.785 -0.723418
786 0.786 -0.723878
787 0.787 -0.724339
788 0.788 -0.724799
789 0.789 -0.725259
790 0.79 -0.725718
791 0.791 -0.726177
792 0.792 -0.726636
793 0.793 -0.727095
794 0.794 -0.727553
795 0.795 -0.728011
796 0.796 -0.728469
797 0.797 -0.728926
798 0.798 -0.729383
799 0.799 -0.72984
800 0.8 -0.730297
801 0.801 -0.730753
802 0.802 -0.731209
803 0.803 -0.731665
804 0.804 -0.73212
805 0.805 -0.732575
806 0.806 -0.73303
807 0.807 -0.733485
808 0.808 -0.733939
809 0.809 -0.734393
810 0.81 -0.734847
811 0.811 -0.7353
812 0.812 -0.735754
813 0.813 -0.736206
814 0.814 -0.736659
815 0.815 -0.737111
816 0.816 -0.737564
817 0.817 -0.738015
818 0.818 -0.738467
819 0.819 -0.738918
820 0.82 -0.739369
821 0.821 -0.73982
822 0.822 -0.74027
823 0.823 -0.74072
824 0.824 -0.74117
825 0.825 -0.74162
826 0.826 -0.742069
827 0.827 -0.742518
828 0.828 -0.742967
829 0.829 -0.743416
830 0.83 -0.743864
831 0.831 -0.744312
832 0.832 -0.744759
833 0.833 -0.745207
834 0.834 -0.745654
835 0.835 -0.746101
836 0.836 -0.746548
837 0.837 -0.746994
838 0.838 -0.74744
839 0.839 -0.747886
840 0.84 -0.748331
841 0.841 -0.748777
842 0.842 -0.749222
843 0.843 -0.749667
844 0.844 -0.750111
845 0.845 -0.750555
846 0.846 -0.750999
847 0.847 -0.751443
848 0.848 -0.751887
849 0.849 -0.75233
850 0.85 -0.752773
851 0.851 -0.753215
852 0.852 -0.753658
853 0.853 -0.7541
854 0.854 -0.754542
855 0.855 -0.754983
856 0.856 -0.755425
857 0.857 -0.755866
858 0.858 -0.756307
859 0.859 -0.756747
860 0.86 -0.757188
861 0.861 -0.757628
862 0.862 -0.758068
863 0.863 -0.758507
864 0.864 -0.758947
865 0.865 -0.759386
866 0.866 -0.759825
867 0.867 -0.760263
868 0.868 -0.760701
869 0.869 -0.761139
870 0.87 -0.761577
871 0.871 -0.762015
872 0.872 -0.762452
873 0.873 -0.762889
874 0.874 -0.763326
875 0.875 -0.763763
876 0.876 -0.764199
877 0.877 -0.764635
878 0.878 -0.765071
879 0.879 -0.765506
880 0.88 -0.765942
881 0.881 -0.766377
882 0.882 -0.766812
883 0.883 -0.767246
884 0.884 -0.76768
885 0.885 -0.768115
886 0.886 -0.768548
887 0.887 -0.768982
888 0.888 -0.769415
889 0.889 -0.769848
890 0.89 -0.770281
891 0.891 -0.770714
892 0.892 -0.771146
893 0.893 -0.771578
894 0.894 -0.77201
895 0.895 -0.772442
896 0.896 -0.772873
897 0.897 -0.773305
898 0.898 -0.773736
899 0.899 -0.774166
900 0.9 -0.774597
901 0.901 -0.775027
902 0.902 -0.775457
903 0.903 -0.775887
904 0.904 -0.776316
905 0.905 -0.776745
906 0.906 -0.777174
907 0.907 -0.777603
908 0.908 -0.778032
909 0.909 -0.77846
910 0.91 -0.778888
911 0.911 -0.779316
912 0.912 -0.779744
913 0.913 -0.780171
914 0.914 -0.780598
915 0.915 -0.781025
916 0.916 -0.781452
917 0.917 -0.781878
918 0.918 -0.782304
919 0.919 -0.78273
920 0.92 -0.783156
921 0.921 -0.783582
922 0.922 -0.784007
923 0.923 -0.784432
924 0.924 -0.784857
925 0.925 -0.785281
926 0.926 -0.785706
927 0.927 -0.78613
928 0.928 -0.786554
929 0.929 -0.786977
930 0.93 -0.787401
931 0.931 -0.787824
932 0.932 -0.788247
933 0.933 -0.78867
934 0.934 -0.789092
935 0.935 -0.789515
936 0.936 -0.789937
937 0.937 -0.790359
938 0.938 -0.79078
939 0.939 -0.791202
940 0.94 -0.791623
941 0.941 -0.792044
942 0.942 -0.792465
943 0.943 -0.792885
944 0.944 -0.793305
945 0.945 -0.793725
946 0.946 -0.794145
947 0.947 -0.794565
948 0.948 -0.794984
949 0.949 -0.795403
950 0.95 -0.795822
951 0.951 -0.796241
952 0.952 -0.79666
953 0.953 -0.797078
954 0.954 -0.797496
955 0.955 -0.797914
956 0.956 -0.798332
957 0.957 -0.798749
958 0.958 -0.799166
959 0.959 -0.799583
960 0.96 -0.8
961 0.961 -0.800417
962 0.962 -0.800833
963 0.963 -0.801249
964 0.964 -0.801665
965 0.965 -0.802081
966 0.966 -0.802496
967 0.967 -0.802911
968 0.968 -0.803326
969 0.969 -0.803741
970 0.97 -0.804156
971 0.971 -0.80457
972 0.972 -0.804984
973 0.973 -0.805398
974 0.974 -0.805812
975 0.975 -0.806226
976 0.976 -0.806639
977 0.977 -0.807052
978 0.978 -0.807465
979 0.979 -0.807878
980 0.98 -0.80829
981 0.981 -0.808703
982 0.982 -0.809115
983 0.983 -0.809527
984 0.984 -0.809938
985 0.985 -0.81035
986 0.986 -0.810761
987 0.987 -0.811172
988 0.988 -0.811583
989 0.989 -0.811993
990 0.99 -0.812404
991 0.991 -0.812814
992 0.992 -0.813224
993 0.993 -0.813634
994 0.994 -0.814043
995 0.995 -0.814453
996 0.996 -0.814862
997 0.997 -0.815271
998 0.998 -0.81568
999 0.999 -0.816088
1000 1 -0.816497
1001 1.001 -0.816905
1002 1.002 -0.817313
1003 1.003 -0.81772
1004 1.004 -0.818128
1005 1.005 -0.818535
1006 1.006 -0.818942
1007 1.007 -0.819349
1008 1.008 -0.819756
1009 1.009 -0.820163
1010 1.01 -0.820569
1011 1.011 -0.820975
1012 1.012 -0.821381
1013 1.013 -0.821787
1014 1.014 -0.822192
1015 1.015 -0.822598
1016 1.016 -0.823003
1017 1.017 -0.823408
1018 1.018 -0.823812
1019 1.019 -0.824217
1020 1.02 -0.824621
1021 1.021 -0.825025
1022 1.022 -0.825429
1023 1.023 -0.825833
1024 1.024 -0.826236
1025 1.025 -0.82664
1026 1.026 -0.827043
1027 1.027 -0.827446
1028 1.028 -0.827849
1029 1.029 -0.828251
1030 1.03 -0.828654
1031 1.031 -0.829056
1032 1.032 -0.829458
1033 1.033 -0.829859
1034 1.034 -0.830261
1035 1.035 -0.830662
1036 1.036 -0.831064
1037 1.037 -0.831465
1038 1.038 -0.831865
1039 1.039 -0.832266
1040 1.04 -0.832666
1041 1.041 -0.833067
1042 1.042 -0.833467
1043 1.043 -0.833866
1044 1.044 -0.834266
1045 1.045 -0.834666
1046 1.046 -0.835065
1047 1.047 -0.835464
1048 1.048 -0.835863
1049 1.049 -0.836262
1050 1.05 -0.83666
1051 1.051 -0.837058
1052 1.052 -0.837456
1053 1.053 -0.837854
1054 1.054 -0.838252
1055 1.055 -0.83865
1056 1.056 -0.839047
1057 1.057 -0.839444
1058 1.058 -0.839841
1059 1.059 -0.840238
1060 1.06 -0.840635
1061 1.061 -0.841031
1062 1.062 -0.841427
1063 1.063 -0.841823
1064 1.064 -0.842219
1065 1.065 -0.842615
1066 1.066 -0.84301
1067 1.067 -0.843406
1068 1.068 -0.843801
1069 1.069 -0.844196
1070 1.07 -0.844591
1071 1.071 -0.844985
1072 1.072 -0.84538
1073 1.073 -0.845774
1074 1.074 -0.846168
1075 1.075 -0.846562
1076 1.076 -0.846955
1077 1.077 -0.847349
1078 1.078 -0.847742
1079 1.079 -0.848135
1080 1.08 -0.848528
1081 1.081 -0.848921
1082 1.082 -0.849313
1083 1.083 -0.849706
1084 1.084 -0.850098
1085 1.085 -0.85049
1086 1.086 -0.850882
1087 1.087 -0.851274
1088 1.088 -0.851665
1089 1.089 -0.852056
1090 1.09 -0.852447
1091 1.091 -0.852838
1092 1.092 -0.853229
1093 1.093 -0.85362
1094 1.094 -0.85401
1095 1.095 -0.8544
1096 1.096 -0.85479
1097 1.097 -0.85518
1098 1.098 -0.85557
1099 1.099 -0.85596
1100 1.1 -0.856349
1101 1.101 -0.856738
1102 1.102 -0.857127
1103 1.103 -0.857516
1104 1.104 -0.857904
1105 1.105 -0.858293
1106 1.106 -0.858681
1107 1.107 -0.859069
1108 1.108 -0.859457
1109 1.109 -0.859845
1110 1.11 -0.860233
1111 1.111 -0.86062
1112 1.112 -0.861007
1113 1.113 -0.861394
1114 1.114 -0.861781
1115 1.115 -0.862168
1116 1.116 -0.862554
1117 1.117 -0.862941
1118 1.118 -0.863327
1119 1.119 -0.863713
1120 1.12 -0.864099
1121 1.121 -0.864484
1122 1.122 -0.86487
1123 1.123 -0.865255
1124 1.124 -0.86564
1125 1.125 -0.866025
1126 1.126 -0.86641
1127 1.127 -0.866795
1128 1.128 -0.867179
1129 1.129 -0.867564
1130 1.13 -0.867948
1131 1.131 -0.868332
1132 1.132 -0.868716
1133 1.133 -0.869099
1134 1.134 -0.869483
1135 1.135 -0.869866
1136 1.136 -0.870249
1137 1.137 -0.870632
1138 1.138 -0.871015
1139 1.139 -0.871397
1140 1.14 -0.87178
1141 1.141 -0.872162
1142 1.142 -0.872544
1143 1.143 -0.872926
1144 1.144 -0.873308
1145 1.145 -0.873689
1146 1.146 -0.874071
1147 1.147 -0.874452
1148 1.148 -0.874833
1149 1.149 -0.875214
1150 1.15 -0.875595
1151 1.151 -0.875976
1152 1.152 -0.876356
1153 1.153 -0.876736
1154 1.154 -0.877116
1155 1.155 -0.877496
1156 1.156 -0.877876
1157 1.157 -0.878256
1158 1.158 -0.878635
1159 1.159 -0.879015
1160 1.16 -0.879394
1161 1.161 -0.879773
1162 1.162 -0.880152
1163 1.163 -0.88053
1164 1.164 -0.880909
1165 1.165 -0.881287
1166 1.166 -0.881665
1167 1.167 -0.882043
1168 1.168 -0.882421
1169 1.169 -0.882799
1170 1.17 -0.883176
1171 1.171 -0.883553
1172 1.172 -0.883931
1173 1.173 -0.884308
1174 1.174 -0.884685
1175 1.175 -0.885061
1176 1.176 -0.885438
1177 1.177 -0.885814
1178 1.178 -0.88619
1179 1.179 -0.886566
1180 1.18 -0.886942
1181 1.181 -0.887318
1182 1.182 -0.887694
1183 1.183 -0.888069
1184 1.184 -0.888444
1185 1.185 -0.888819
1186 1.186 -0.889194
1187 1.187 -0.889569
1188 1.188 -0.889944
1189 1.189 -0.890318
1190 1.19 -0.890693
1191 1.191 -0.891067
1192 1.192 -0.891441
1193 1.193 -0.891815
1194 1.194 -0.892188
1195 1.195 -0.892562
1196 1.196 -0.892935
1197 1.197 -0.893308
1198 1.198 -0.893682
1199 1.199 -0.894054
1200 1.2 -0.894427
1201 1.201 -0.8948
1202 1.202 -0.895172
1203 1.203 -0.895545
1204 1.204 -0.895917
1205 1.205 -0.896289
1206 1.206 -0.89666
1207 1.207 -0.897032
1208 1.208 -0.897404
1209 1.209 -0.897775
1210 1.21 -0.898146
1211 1.211 -0.898517
1212 1.212 -0.898888
1213 1.213 -0.899259
1214 1.214 -0.89963
1215 1.215 -0.9
1216 1.216 -0.90037
1217 1.217 -0.90074
1218 1.218 -0.90111
1219 1.219 -0.90148
1220 1.22 -0.90185
1221 1.221 -0.902219
1222 1.222 -0.902589
1223 1.223 -0.902958
1224 1.224 -0.903327
1225 1.225 -0.903696
1226 1.226 -0.904065
1227 1.227 -0.904434
1228 1.228 -0.904802
1229 1.229 -0.90517
1230 1.23 -0.905539
1231 1.231 -0.905907
1232 1.232 -0.906274
1233 1.233 -0.906642
1234 1.234 -0.90701
1235 1.235 -0.907377
1236 1.236 -0.907744
1237 1.237 -0.908112
1238 1.238 -0.908479
1239 1.239 -0.908845
1240 1.24 -0.909212
1241 1.241 -0.909579
1242 1.242 -0.909945
1243 1.243 -0.910311
1244 1.244 -0.910677
1245 1.245 -0.911043
1246 1.246 -0.911409
1247 1.247 -0.911775
1248 1.248 -0.91214
1249 1.249 -0.912506
1250 1.25 -0.912871
1251 1.251 -0.913236
1252 1.252 -0.913601
1253 1.253 -0.913966
1254 1.254 -0.91433
1255 1.255 -0.914695
1256 1.256 -0.915059
1257 1.257 -0.915423
1258 1.258 -0.915787
1259 1.259 -0.916151
1260 1.26 -0.916515
1261 1.261 -0.916879
1262 1.262 -0.917242
1263 1.263 -0.917606
1264 1.264 -0.917969
1265 1.265 -0.918332
1266 1.266 -0.918695
1267 1.267 -0.919057
1268 1.268 -0.91942
1269 1.269 -0.919783
1270 1.27 -0.920145
1271 1.271 -0.920507
1272 1.272 -0.920869
1273 1.273 -0.921231
1274 1.274 -0.921593
1275 1.275 -0.921954
1276 1.276 -0.922316
1277 1.277 -0.922677
1278 1.278 -0.923038
1279 1.279 -0.9234
1280 1.28 -0.92376
1281 1.281 -0.924121
1282 1.282 -0.924482
1283 1.283 -0.924842
1284 1.284 -0.925203
1285 1.285 -0.925563
1286 1.286 -0.925923
1287 1.287 -0.926283
1288 1.288 -0.926643
1289 1.289 -0.927002
1290 1.29 -0.927362
1291 1.291 -0.927721
1292 1.292 -0.92808
1293 1.293 -0.92844
1294 1.294 -0.928799
1295 1.295 -0.929157
1296 1.296 -0.929516
1297 1.297 -0.929875
1298 1.298 -0.930233
1299 1.299 -0.930591
1300 1.3 -0.930949
1301 1.301 -0.931307
1302 1.302 -0.931665
1303 1.303 -0.932023
1304 1.304 -0.93238
1305 1.305 -0.932738
1306 1.306 -0.933095
1307 1.307 -0.933452
1308 1.308 -0.933809
1309 1.309 -0.934166
1310 1.31 -0.934523
1311 1.311 -0.93488
1312 1.312 -0.935236
1313 1.313 -0.935593
1314 1.314 -0.935949
1315 1.315 -0.936305
1316 1.316 -0.936661
1317 1.317 -0.937017
1318 1.318 -0.937372
1319 1.319 -0.937728
1320 1.32 -0.938083
1321 1.321 -0.938438
1322 1.322 -0.938794
1323 1.323 -0.939149
1324 1.324 -0.939503
1325 1.325 -0.939858
1326 1.326 -0.940213
1327 1.327 -0.940567
1328 1.328 -0.940922
1329 1.329 -0.941276
1330 1.33 -0.94163
1331 1.331 -0.941984
1332 1.332 -0.942338
1333 1.333 -0.942691
1334 1.334 -0.943045
1335 1.335 -0.943398
1336 1.336 -0.943751
1337 1.337 -0.944105
1338 1.338 -0.944458
1339 1.339 -0.94481
1340 1.34 -0.945163
1341 1.341 -0.945516
1342 1.342 -0.945868
1343 1.343 -0.946221
1344 1.344 -0.946573
1345 1.345 -0.946925
1346 1.346 -0.947277
1347 1.347 -0.947629
1348 1.348 -0.94798
1349 1.349 -0.948332
1350 1.35 -0.948683
1351 1.351 -0.949035
1352 1.352 -0.949386
1353 1.353 -0.949737
1354 1.354 -0.950088
1355 1.355 -0.950438
1356 1.356 -0.950789
1357 1.357 -0.95114
1358 1.358 -0.95149
1359 1.359 -0.95184
1360 1.36 -0.95219
1361 1.361 -0.95254
1362 1.362 -0.95289
1363 1.363 -0.95324
1364 1.364 -0.95359
1365 1.365 -0.953939
1366 1.366 -0.954289
1367 1.367 -0.954638
1368 1.368 -0.954987
1369 1.369 -0.955336
1370 1.37 -0.955685
1371 1.371 -0.956033
1372 1.372 -0.956382
1373 1.373 -0.956731
1374 1.374 -0.957079
1375 1.375 -0.957427
1376 1.376 -0.957775
1377 1.377 -0.958123
1378 1.378 -0.958471
1379 1.379 -0.958819
1380 1.38 -0.959166
1381 1.381 -0.959514
1382 1.382 -0.959861
1383 1.383 -0.960208
1384 1.384 -0.960555
1385 1.385 -0.960902
1386 1.386 -0.961249
1387 1.387 -0.961596
1388 1.388 -0.961942
1389 1.389 -0.962289
1390 1.39 -0.962635
1391 1.391 -0.962981
1392 1.392 -0.963328
1393 1.393 -0.963674
1394 1.394 -0.964019
1395 1.395 -0.964365
1396 1.396 -0.964711
1397 1.397 -0.965056
1398 1.398 -0.965401
1399 1.399 -0.965747
1400 1.4 -0.966092
1401 1.401 -0.966437
1402 1.402 -0.966782
1403 1.403 -0.967126
1404 1.404 -0.967471
1405 1.405 -0.967815
1406 1.406 -0.96816
1407 1.407 -0.968504
1408 1.408 -0.968848
1409 1.409 -0.969192
1410 1.41 -0.969536
1411 1.411 -0.96988
1412 1.412 -0.970223
1413 1.413 -0.970567
1414 1.414 -0.97091
1415 1.415 -0.971253
1416 1.416 -0.971597
1417 1.417 -0.97194
1418 1.418 -0.972283
1419 1.419 -0.972625
1420 1.42 -0.972968
1421 1.421 -0.973311
1422 1.422 -0.973653
1423 1.423 -0.973995
1424 1.424 -0.974337
1425 1.425 -0.974679
1426 1.426 -0.975021
1427 1.427 -0.975363
1428 1.428 -0.975705
1429 1.429 -0.976046
1430 1.43 -0.976388
1431 1.431 -0.976729
1432 1.432 -0.97707
1433 1.433 -0.977412
1434 1.434 -0.977753
1435 1.435 -0.978093
1436 1.436 -0.978434
1437 1.437 -0.978775
1438 1.438 -0.979115
1439 1.439 -0.979456
1440 1.44 -0.979796
1441 1.441 -0.980136
1442 1.442 -0.980476
1443 1.443 -0.980816
1444 1.444 -0.981156
1445 1.445 -0.981495
1446 1.446 -0.981835
1447 1.447 -0.982174
1448 1.448 -0.982514
1449 1.449 -0.982853
1450 1.45 -0.983192
1451 1.451 -0.983531
1452 1.452 -0.98387
1453 1.453 -0.984209
1454 1.454 -0.984547
1455 1.455 -0.984886
1456 1.456 -0.985224
1457 1.457 -0.985562
1458 1.458 -0.985901
1459 1.459 -0.986239
1460 1.46 -0.986577
1461 1.461 -0.986914
1462 1.462 -0.987252
1463 1.463 -0.98759
1464 1.464 -0.987927
1465 1.465 -0.988264
1466 1.466 -0.988602
1467 1.467 -0.988939
1468 1.468 -0.989276
1469 1.469 -0.989613
1470 1.47 -0.989949
1471 1.471 -0.990286
1472 1.472 -0.990623
1473 1.473 -0.990959
1474 1.474 -0.991295
1475 1.475 -0.991632
1476 1.476 -0.991968
1477 1.477 -0.992304
1478 1.478 -0.99264
1479 1.479 -0.992975
1480 1.48 -0.993311
1481 1.481 -0.993646
1482 1.482 -0.993982
1483 1.483 -0.994317
1484 1.484 -0.994652
1485 1.485 -0.994987
1486 1.486 -0.995322
1487 1.487 -0.995657
1488 1.488 -0.995992
1489 1.489 -0.996327
1490 1.49 -0.996661
1491 1.491 -0.996995
1492 1.492 -0.99733
1493 1.493 -0.997664
1494 1.494 -0.997998
1495 1.495 -0.998332
1496 1.496 -0.998666
1497 1.497 -0.998999
1498 1.498 -0.999333
1499 1.499 -0.999667
