1 0.6
2 0.768
3 0.570163
4 0.784247
5 0.541452
6 0.794502
7 0.52246
8 0.798386
9 0.515091
10 0.799271
11 0.513398
12 0.799426
13 0.513102
14 0.799451
15 0.513054
16 0.799455
17 0.513046
18 0.799455
19 0.513045
20 0.799455
21 0.513045
22 0.799455
23 0.513045
24 0.799455
25 0.513045
26 0.799455
27 0.513045
28 0.799455
29 0.513045
30 0.799455
31 0.513045
32 0.799455
33 0.513045
34 0.799455
35 0.513045
36 0.799455
37 0.513045
38 0.799455
39 0.513045
40 0.799455
41 0.513045
42 0.799455
43 0.513045
44 0.799455
45 0.513045
46 0.799455
47 0.513045
48 0.799455
49 0.513045
50 0.799455
51 0.513045
52 0.799455
53 0.513045
54 0.799455
55 0.513045
56 0.799455
57 0.513045
58 0.799455
59 0.513045
60 0.799455
61 0.513045
62 0.799455
63 0.513045
64 0.799455
65 0.513045
66 0.799455
67 0.513045
68 0.799455
69 0.513045
70 0.799455
71 0.513045
72 0.799455
73 0.513045
74 0.799455
75 0.513045
76 0.799455
77 0.513045
78 0.799455
79 0.513045
80 0.799455
81 0.513045
82 0.799455
83 0.513045
84 0.799455
85 0.513045
86 0.799455
87 0.513045
88 0.799455
89 0.513045
90 0.799455
91 0.513045
92 0.799455
93 0.513045
94 0.799455
95 0.513045
96 0.799455
97 0.513045
98 0.799455
99 0.513045
100 0.799455
101 0.513045
102 0.799455
103 0.513045
104 0.799455
105 0.513045
106 0.799455
107 0.513045
108 0.799455
109 0.513045
110 0.799455
111 0.513045
112 0.799455
113 0.513045
114 0.799455
115 0.513045
116 0.799455
117 0.513045
118 0.799455
119 0.513045
120 0.799455
121 0.513045
122 0.799455
123 0.513045
124 0.799455
125 0.513045
126 0.799455
127 0.513045
128 0.799455
129 0.513045
130 0.799455
131 0.513045
132 0.799455
133 0.513045
134 0.799455
135 0.513045
136 0.799455
137 0.513045
138 0.799455
139 0.513045
140 0.799455
141 0.513045
142 0.799455
143 0.513045
144 0.799455
145 0.513045
146 0.799455
147 0.513045
148 0.799455
149 0.513045
150 0.799455
151 0.513045
152 0.799455
153 0.513045
154 0.799455
155 0.513045
156 0.799455
157 0.513045
158 0.799455
159 0.513045
160 0.799455
161 0.513045
162 0.799455
163 0.513045
164 0.799455
165 0.513045
166 0.799455
167 0.513045
168 0.799455
169 0.513045
170 0.799455
171 0.513045
172 0.799455
173 0.513045
174 0.799455
175 0.513045
176 0.799455
177 0.513045
178 0.799455
179 0.513045
180 0.799455
181 0.513045
182 0.799455
183 0.513045
184 0.799455
185 0.513045
186 0.799455
187 0.513045
188 0.799455
189 0.513045
190 0.799455
191 0.513045
192 0.799455
193 0.513045
194 0.799455
195 0.513045
196 0.799455
197 0.513045
198 0.799455
199 0.513045
200 0.799455
201 0.513045
202 0.799455
203 0.513045
204 0.799455
205 0.513045
206 0.799455
207 0.513045
208 0.799455
209 0.513045
210 0.799455
211 0.513045
212 0.799455
213 0.513045
214 0.799455
215 0.513045
216 0.799455
217 0.513045
218 0.799455
219 0.513045
220 0.799455
221 0.513045
222 0.799455
223 0.513045
224 0.799455
225 0.513045
226 0.799455
227 0.513045
228 0.799455
229 0.513045
230 0.799455
231 0.513045
232 0.799455
233 0.513045
234 0.799455
235 0.513045
236 0.799455
237 0.513045
238 0.799455
239 0.513045
240 0.799455
241 0.513045
242 0.799455
243 0.513045
244 0.799455
245 0.513045
246 0.799455
247 0.513045
248 0.799455
249 0.513045
250 0.799455
251 0.513045
252 0.799455
253 0.513045
254 0.799455
255 0.513045
256 0.799455
257 0.513045
258 0.799455
259 0.513045
260 0.799455
261 0.513045
262 0.799455
263 0.513045
264 0.799455
265 0.513045
266 0.799455
267 0.513045
268 0.799455
269 0.513045
270 0.799455
271 0.513045
272 0.799455
273 0.513045
274 0.799455
275 0.513045
276 0.799455
277 0.513045
278 0.799455
279 0.513045
280 0.799455
281 0.513045
282 0.799455
283 0.513045
284 0.799455
285 0.513045
286 0.799455
287 0.513045
288 0.799455
289 0.513045
290 0.799455
291 0.513045
292 0.799455
293 0.513045
294 0.799455
295 0.513045
296 0.799455
297 0.513045
298 0.799455
299 0.513045
300 0.799455
301 0.513045
302 0.799455
303 0.513045
304 0.799455
305 0.513045
306 0.799455
307 0.513045
308 0.799455
309 0.513045
310 0.799455
311 0.513045
312 0.799455
313 0.513045
314 0.799455
315 0.513045
316 0.799455
317 0.513045
318 0.799455
319 0.513045
320 0.799455
321 0.513045
322 0.799455
323 0.513045
324 0.799455
325 0.513045
326 0.799455
327 0.513045
328 0.799455
329 0.513045
330 0.799455
331 0.513045
332 0.799455
333 0.513045
334 0.799455
335 0.513045
336 0.799455
337 0.513045
338 0.799455
339 0.513045
340 0.799455
341 0.513045
342 0.799455
343 0.513045
344 0.799455
345 0.513045
346 0.799455
347 0.513045
348 0.799455
349 0.513045
350 0.799455
351 0.513045
352 0.799455
353 0.513045
354 0.799455
355 0.513045
356 0.799455
357 0.513045
358 0.799455
359 0.513045
360 0.799455
361 0.513045
362 0.799455
363 0.513045
364 0.799455
365 0.513045
366 0.799455
367 0.513045
368 0.799455
369 0.513045
370 0.799455
371 0.513045
372 0.799455
373 0.513045
374 0.799455
375 0.513045
376 0.799455
377 0.513045
378 0.799455
379 0.513045
380 0.799455
381 0.513045
382 0.799455
383 0.513045
384 0.799455
385 0.513045
386 0.799455
387 0.513045
388 0.799455
389 0.513045
390 0.799455
391 0.513045
392 0.799455
393 0.513045
394 0.799455
395 0.513045
396 0.799455
397 0.513045
398 0.799455
399 0.513045
400 0.799455
401 0.513045
402 0.799455
403 0.513045
404 0.799455
405 0.513045
406 0.799455
407 0.513045
408 0.799455
409 0.513045
410 0.799455
411 0.513045
412 0.799455
413 0.513045
414 0.799455
415 0.513045
416 0.799455
417 0.513045
418 0.799455
419 0.513045
420 0.799455
421 0.513045
422 0.799455
423 0.513045
424 0.799455
425 0.513045
426 0.799455
427 0.513045
428 0.799455
429 0.513045
430 0.799455
431 0.513045
432 0.799455
433 0.513045
434 0.799455
435 0.513045
436 0.799455
437 0.513045
438 0.799455
439 0.513045
440 0.799455
441 0.513045
442 0.799455
443 0.513045
444 0.799455
445 0.513045
446 0.799455
447 0.513045
448 0.799455
449 0.513045
450 0.799455
451 0.513045
452 0.799455
453 0.513045
454 0.799455
455 0.513045
456 0.799455
457 0.513045
458 0.799455
459 0.513045
460 0.799455
461 0.513045
462 0.799455
463 0.513045
464 0.799455
465 0.513045
466 0.799455
467 0.513045
468 0.799455
469 0.513045
470 0.799455
471 0.513045
472 0.799455
473 0.513045
474 0.799455
475 0.513045
476 0.799455
477 0.513045
478 0.799455
479 0.513045
480 0.799455
481 0.513045
482 0.799455
483 0.513045
484 0.799455
485 0.513045
486 0.799455
487 0.513045
488 0.799455
489 0.513045
490 0.799455
491 0.513045
492 0.799455
493 0.513045
494 0.799455
495 0.513045
496 0.799455
497 0.513045
498 0.799455
499 0.513045
500 0.799455
501 0.513045
502 0.799455
503 0.513045
504 0.799455
505 0.513045
506 0.799455
507 0.513045
508 0.799455
509 0.513045
510 0.799455
511 0.513045
512 0.799455
513 0.513045
514 0.799455
515 0.513045
516 0.799455
517 0.513045
518 0.799455
519 0.513045
520 0.799455
521 0.513045
522 0.799455
523 0.513045
524 0.799455
525 0.513045
526 0.799455
527 0.513045
528 0.799455
529 0.513045
530 0.799455
531 0.513045
532 0.799455
533 0.513045
534 0.799455
535 0.513045
536 0.799455
537 0.513045
538 0.799455
539 0.513045
540 0.799455
541 0.513045
542 0.799455
543 0.513045
544 0.799455
545 0.513045
546 0.799455
547 0.513045
548 0.799455
549 0.513045
550 0.799455
551 0.513045
552 0.799455
553 0.513045
554 0.799455
555 0.513045
556 0.799455
557 0.513045
558 0.799455
559 0.513045
560 0.799455
561 0.513045
562 0.799455
563 0.513045
564 0.799455
565 0.513045
566 0.799455
567 0.513045
568 0.799455
569 0.513045
570 0.799455
571 0.513045
572 0.799455
573 0.513045
574 0.799455
575 0.513045
576 0.799455
577 0.513045
578 0.799455
579 0.513045
580 0.799455
581 0.513045
582 0.799455
583 0.513045
584 0.799455
585 0.513045
586 0.799455
587 0.513045
588 0.799455
589 0.513045
590 0.799455
591 0.513045
592 0.799455
593 0.513045
594 0.799455
595 0.513045
596 0.799455
597 0.513045
598 0.799455
599 0.513045
600 0.799455
601 0.513045
602 0.799455
603 0.513045
604 0.799455
605 0.513045
606 0.799455
607 0.513045
608 0.799455
609 0.513045
610 0.799455
611 0.513045
612 0.799455
613 0.513045
614 0.799455
615 0.513045
616 0.799455
617 0.513045
618 0.799455
619 0.513045
620 0.799455
621 0.513045
622 0.799455
623 0.513045
624 0.799455
625 0.513045
626 0.799455
627 0.513045
628 0.799455
629 0.513045
630 0.799455
631 0.513045
632 0.799455
633 0.513045
634 0.799455
635 0.513045
636 0.799455
637 0.513045
638 0.799455
639 0.513045
640 0.799455
641 0.513045
642 0.799455
643 0.513045
644 0.799455
645 0.513045
646 0.799455
647 0.513045
648 0.799455
649 0.513045
650 0.799455
651 0.513045
652 0.799455
653 0.513045
654 0.799455
655 0.513045
656 0.799455
657 0.513045
658 0.799455
659 0.513045
660 0.799455
661 0.513045
662 0.799455
663 0.513045
664 0.799455
665 0.513045
666 0.799455
667 0.513045
668 0.799455
669 0.513045
670 0.799455
671 0.513045
672 0.799455
673 0.513045
674 0.799455
675 0.513045
676 0.799455
677 0.513045
678 0.799455
679 0.513045
680 0.799455
681 0.513045
682 0.799455
683 0.513045
684 0.799455
685 0.513045
686 0.799455
687 0.513045
688 0.799455
689 0.513045
690 0.799455
691 0.513045
692 0.799455
693 0.513045
694 0.799455
695 0.513045
696 0.799455
697 0.513045
698 0.799455
699 0.513045
700 0.799455
701 0.513045
702 0.799455
703 0.513045
704 0.799455
705 0.513045
706 0.799455
707 0.513045
708 0.799455
709 0.513045
710 0.799455
711 0.513045
712 0.799455
713 0.513045
714 0.799455
715 0.513045
716 0.799455
717 0.513045
718 0.799455
719 0.513045
720 0.799455
721 0.513045
722 0.799455
723 0.513045
724 0.799455
725 0.513045
726 0.799455
727 0.513045
728 0.799455
729 0.513045
730 0.799455
731 0.513045
732 0.799455
733 0.513045
734 0.799455
735 0.513045
736 0.799455
737 0.513045
738 0.799455
739 0.513045
740 0.799455
741 0.513045
742 0.799455
743 0.513045
744 0.799455
745 0.513045
746 0.799455
747 0.513045
748 0.799455
749 0.513045
750 0.799455
751 0.513045
752 0.799455
753 0.513045
754 0.799455
755 0.513045
756 0.799455
757 0.513045
758 0.799455
759 0.513045
760 0.799455
761 0.513045
762 0.799455
763 0.513045
764 0.799455
765 0.513045
766 0.799455
767 0.513045
768 0.799455
769 0.513045
770 0.799455
771 0.513045
772 0.799455
773 0.513045
774 0.799455
775 0.513045
776 0.799455
777 0.513045
778 0.799455
779 0.513045
780 0.799455
781 0.513045
782 0.799455
783 0.513045
784 0.799455
785 0.513045
786 0.799455
787 0.513045
788 0.799455
789 0.513045
790 0.799455
791 0.513045
792 0.799455
793 0.513045
794 0.799455
795 0.513045
796 0.799455
797 0.513045
798 0.799455
799 0.513045
800 0.799455
801 0.513045
802 0.799455
803 0.513045
804 0.799455
805 0.513045
806 0.799455
807 0.513045
808 0.799455
809 0.513045
810 0.799455
811 0.513045
812 0.799455
813 0.513045
814 0.799455
815 0.513045
816 0.799455
817 0.513045
818 0.799455
819 0.513045
820 0.799455
821 0.513045
822 0.799455
823 0.513045
824 0.799455
825 0.513045
826 0.799455
827 0.513045
828 0.799455
829 0.513045
830 0.799455
831 0.513045
832 0.799455
833 0.513045
834 0.799455
835 0.513045
836 0.799455
837 0.513045
838 0.799455
839 0.513045
840 0.799455
841 0.513045
842 0.799455
843 0.513045
844 0.799455
845 0.513045
846 0.799455
847 0.513045
848 0.799455
849 0.513045
850 0.799455
851 0.513045
852 0.799455
853 0.513045
854 0.799455
855 0.513045
856 0.799455
857 0.513045
858 0.799455
859 0.513045
860 0.799455
861 0.513045
862 0.799455
863 0.513045
864 0.799455
865 0.513045
866 0.799455
867 0.513045
868 0.799455
869 0.513045
870 0.799455
871 0.513045
872 0.799455
873 0.513045
874 0.799455
875 0.513045
876 0.799455
877 0.513045
878 0.799455
879 0.513045
880 0.799455
881 0.513045
882 0.799455
883 0.513045
884 0.799455
885 0.513045
886 0.799455
887 0.513045
888 0.799455
889 0.513045
890 0.799455
891 0.513045
892 0.799455
893 0.513045
894 0.799455
895 0.513045
896 0.799455
897 0.513045
898 0.799455
899 0.513045
900 0.799455
901 0.513045
902 0.799455
903 0.513045
904 0.799455
905 0.513045
906 0.799455
907 0.513045
908 0.799455
909 0.513045
910 0.799455
911 0.513045
912 0.799455
913 0.513045
914 0.799455
915 0.513045
916 0.799455
917 0.513045
918 0.799455
919 0.513045
920 0.799455
921 0.513045
922 0.799455
923 0.513045
924 0.799455
925 0.513045
926 0.799455
927 0.513045
928 0.799455
929 0.513045
930 0.799455
931 0.513045
932 0.799455
933 0.513045
934 0.799455
935 0.513045
936 0.799455
937 0.513045
938 0.799455
939 0.513045
940 0.799455
941 0.513045
942 0.799455
943 0.513045
944 0.799455
945 0.513045
946 0.799455
947 0.513045
948 0.799455
949 0.513045
950 0.799455
951 0.513045
952 0.799455
953 0.513045
954 0.799455
955 0.513045
956 0.799455
957 0.513045
958 0.799455
959 0.513045
960 0.799455
961 0.513045
962 0.799455
963 0.513045
964 0.799455
965 0.513045
966 0.799455
967 0.513045
968 0.799455
969 0.513045
970 0.799455
971 0.513045
972 0.799455
973 0.513045
974 0.799455
975 0.513045
976 0.799455
977 0.513045
978 0.799455
979 0.513045
980 0.799455
981 0.513045
982 0.799455
983 0.513045
984 0.799455
985 0.513045
986 0.799455
987 0.513045
988 0.799455
989 0.513045
990 0.799455
991 0.513045
992 0.799455
993 0.513045
994 0.799455
995 0.513045
996 0.799455
997 0.513045
998 0.799455
999 0.513045
1000 0.799455
