1 0.6
2 0.96
3 0.1536
4 0.520028
5 0.998395
6 0.00640774
7 0.0254667
8 0.0992726
9 0.35767
10 0.918969
11 0.29786
12 0.836557
13 0.546917
14 0.991195
15 0.034909
16 0.134761
17 0.466403
18 0.995485
19 0.0179785
20 0.0706211
21 0.262535
22 0.774441
23 0.698727
24 0.84203
25 0.532063
26 0.995888
27 0.0163812
28 0.0644512
29 0.241189
30 0.732068
31 0.784578
32 0.676061
33 0.87601
34 0.434465
35 0.982821
36 0.067536
37 0.251899
38 0.753784
39 0.742374
40 0.76502
41 0.719059
42 0.808053
43 0.620412
44 0.942003
45 0.218532
46 0.683103
47 0.865893
48 0.464488
49 0.994956
50 0.0200758
51 0.0786912
52 0.289996
53 0.823593
54 0.581151
55 0.973658
56 0.102592
57 0.368269
58 0.930587
59 0.258378
60 0.766475
61 0.715963
62 0.813439
63 0.607023
64 0.954184
65 0.174868
66 0.577156
67 0.976188
68 0.0929817
69 0.337344
70 0.894173
71 0.378512
72 0.940962
73 0.222209
74 0.691328
75 0.853574
76 0.499942
77 1
78 5.42911e-008
79 2.17164e-007
80 8.68657e-007
81 3.47463e-006
82 1.38985e-005
83 5.5593e-005
84 0.00022236
85 0.000889242
86 0.0035538
87 0.0141647
88 0.0558562
89 0.210945
90 0.665789
91 0.890056
92 0.391427
93 0.952847
94 0.179717
95 0.589676
96 0.967833
97 0.12453
98 0.436089
99 0.983662
100 0.0642858
101 0.240613
102 0.730873
103 0.786792
104 0.671002
105 0.883033
106 0.413144
107 0.969824
108 0.117061
109 0.413431
110 0.970023
111 0.116314
112 0.411139
113 0.968415
114 0.12235
115 0.429522
116 0.980131
117 0.0778963
118 0.287314
119 0.819058
120 0.592807
121 0.965547
122 0.133063
123 0.461428
124 0.994049
125 0.0236636
126 0.0924147
127 0.335497
128 0.891755
129 0.386113
130 0.948119
131 0.196758
132 0.632178
133 0.930116
134 0.260001
135 0.769601
136 0.709261
137 0.82484
138 0.577917
139 0.975716
140 0.0947772
141 0.343178
142 0.901628
143 0.354781
144 0.915646
145 0.308953
146 0.854004
147 0.498725
148 0.999993
149 2.60256e-005
150 0.000104099
151 0.000416355
152 0.00166473
153 0.00664782
154 0.0264145
155 0.102867
156 0.369142
157 0.931504
158 0.255216
159 0.760323
160 0.728928
161 0.790368
162 0.662746
163 0.894055
164 0.378881
165 0.941321
166 0.220943
167 0.68851
168 0.857856
169 0.487755
170 0.9994
171 0.00239752
172 0.00956709
173 0.0379023
174 0.145863
175 0.498347
176 0.999989
177 4.37142e-005
178 0.000174849
179 0.000699274
180 0.00279514
181 0.0111493
182 0.0441
183 0.168621
184 0.560751
185 0.985237
186 0.0581799
187 0.21918
188 0.68456
189 0.86375
190 0.470744
191 0.996576
192 0.0136473
193 0.0538444
194 0.203781
195 0.649016
196 0.911177
197 0.323735
198 0.875723
199 0.43533
200 0.983271
201 0.0657954
202 0.245865
203 0.741663
204 0.766397
205 0.716131
206 0.81315
207 0.607749
208 0.95356
209 0.177132
210 0.583025
211 0.972427
212 0.10725
213 0.382989
214 0.945234
215 0.207068
216 0.656763
217 0.901702
218 0.354542
219 0.915368
220 0.309877
221 0.855414
222 0.494725
223 0.999889
224 0.000445231
225 0.00178013
226 0.00710785
227 0.0282293
228 0.10973
229 0.390756
230 0.952263
231 0.181832
232 0.595077
233 0.963842
234 0.139404
235 0.479883
236 0.998381
237 0.00646492
238 0.0256925
239 0.10013
240 0.360415
241 0.922064
242 0.287448
243 0.819287
244 0.592223
245 0.96598
246 0.131451
247 0.456687
248 0.992496
249 0.0297913
250 0.115615
251 0.408993
252 0.966871
253 0.128126
254 0.446839
255 0.988696
256 0.0447057
257 0.170828
258 0.566584
259 0.982266
260 0.0696774
261 0.25929
262 0.768234
263 0.712202
264 0.819882
265 0.590702
266 0.967092
267 0.127299
268 0.444376
269 0.987624
270 0.0488912
271 0.186003
272 0.605624
273 0.955374
274 0.170538
275 0.565819
276 0.982671
277 0.0681138
278 0.253897
279 0.757734
280 0.734293
281 0.780427
282 0.685443
283 0.862444
284 0.474538
285 0.997407
286 0.0103461
287 0.0409561
288 0.157115
289 0.529719
290 0.996467
291 0.0140813
292 0.0555321
293 0.209793
294 0.66312
295 0.893567
296 0.380419
297 0.942801
298 0.215708
299 0.676713
300 0.87509
301 0.437229
302 0.984239
303 0.0620494
304 0.232797
305 0.71441
306 0.816113
307 0.60029
308 0.959767
309 0.154456
310 0.522397
311 0.997993
312 0.00801009
313 0.0317837
314 0.123094
315 0.431767
316 0.981377
317 0.0731037
318 0.271038
319 0.790306
320 0.662889
321 0.893868
322 0.379471
323 0.941891
324 0.218929
325 0.683996
326 0.864582
327 0.468319
328 0.995985
329 0.0159949
330 0.0629564
331 0.235972
332 0.721156
333 0.80436
334 0.629459
335 0.932961
336 0.250178
337 0.750356
338 0.749287
339 0.751423
340 0.747146
341 0.755676
342 0.73852
343 0.772433
344 0.703121
345 0.834968
346 0.551186
347 0.98952
348 0.0414801
349 0.159038
350 0.53498
351 0.995106
352 0.0194816
353 0.0764083
354 0.28228
355 0.810393
356 0.614626
357 0.947444
358 0.199176
359 0.638019
360 0.923803
361 0.281563
362 0.809141
363 0.617728
364 0.94456
365 0.209465
366 0.662358
367 0.894559
368 0.377292
369 0.939771
370 0.226407
371 0.700588
372 0.839058
373 0.540158
374 0.993549
375 0.0256367
376 0.099918
377 0.359738
378 0.921306
379 0.290006
380 0.823609
381 0.581108
382 0.973686
383 0.102486
384 0.36793
385 0.93023
386 0.259607
387 0.768845
388 0.710889
389 0.822104
390 0.584996
391 0.971103
392 0.112248
393 0.398594
394 0.958867
395 0.157763
396 0.531494
397 0.996032
398 0.0158071
399 0.0622289
400 0.233426
401 0.715753
402 0.813803
403 0.60611
404 0.954963
405 0.172035
406 0.569756
407 0.980536
408 0.0763395
409 0.282047
410 0.809986
411 0.615634
412 0.946515
413 0.202498
414 0.645971
415 0.91477
416 0.311864
417 0.858419
418 0.486143
419 0.999232
420 0.00307
421 0.0122423
422 0.0483697
423 0.18412
424 0.60088
425 0.959293
426 0.156201
427 0.527208
428 0.997039
429 0.0118097
430 0.0466811
431 0.178008
432 0.585284
433 0.970907
434 0.112988
435 0.400887
436 0.960706
437 0.150999
438 0.512793
439 0.999345
440 0.0026167
441 0.0104394
442 0.0413217
443 0.158457
444 0.533393
445 0.99554
446 0.0177624
447 0.0697875
448 0.259669
449 0.768964
450 0.710634
451 0.822533
452 0.583891
453 0.971849
454 0.109433
455 0.389829
456 0.951449
457 0.184774
458 0.602529
459 0.957951
460 0.161124
461 0.540652
462 0.99339
463 0.026266
464 0.102304
465 0.367353
466 0.929619
467 0.261711
468 0.772874
469 0.702159
470 0.836527
471 0.546999
472 0.991165
473 0.0350297
474 0.13521
475 0.467714
476 0.995831
477 0.0166082
478 0.0653296
479 0.244247
480 0.738361
481 0.772736
482 0.702459
483 0.836041
484 0.548306
485 0.990666
486 0.0369872
487 0.142477
488 0.488708
489 0.99949
490 0.00203904
491 0.00813953
492 0.0322931
493 0.125001
494 0.437503
495 0.984377
496 0.061517
497 0.23093
498 0.710406
499 0.822917
500 0.5829
501 0.972511
502 0.106935
503 0.381998
504 0.944303
505 0.210381
506 0.664483
507 0.891781
508 0.38603
509 0.948043
510 0.197028
511 0.632832
512 0.929422
513 0.262385
514 0.774157
515 0.699352
516 0.841036
517 0.534778
518 0.995162
519 0.019259
520 0.0755522
521 0.279376
522 0.805301
523 0.627165
524 0.935316
525 0.242001
526 0.733746
527 0.781452
528 0.683139
529 0.86584
530 0.464645
531 0.995
532 0.0199001
533 0.0780165
534 0.28772
535 0.819748
536 0.591044
537 0.966844
538 0.128226
539 0.447136
540 0.988822
541 0.0442136
542 0.169035
543 0.561849
544 0.984699
545 0.060268
546 0.226543
547 0.700886
548 0.83858
549 0.541454
550 0.993126
551 0.0273064
552 0.106243
553 0.379821
554 0.942228
555 0.217736
556 0.681309
557 0.868508
558 0.456807
559 0.992538
560 0.0296271
561 0.114997
562 0.407092
563 0.965472
564 0.133343
565 0.46225
566 0.9943
567 0.0226704
568 0.088626
569 0.323086
570 0.874805
571 0.438084
572 0.984666
573 0.060397
574 0.226997
575 0.701877
576 0.836982
577 0.545771
578 0.99162
579 0.0332392
580 0.128538
581 0.448063
582 0.98921
583 0.0426942
584 0.163486
585 0.547032
586 0.991152
587 0.0350795
588 0.135396
589 0.468255
590 0.995969
591 0.0160587
592 0.0632034
593 0.236835
594 0.722977
595 0.801126
596 0.637293
597 0.924603
598 0.278851
599 0.804372
600 0.629431
601 0.932991
602 0.250075
603 0.750151
604 0.749698
605 0.750603
606 0.748793
607 0.752408
608 0.74516
609 0.759587
610 0.730459
611 0.787554
612 0.669251
613 0.885416
614 0.405817
615 0.964518
616 0.136892
617 0.472609
618 0.996999
619 0.0119679
620 0.0472988
621 0.180247
622 0.591031
623 0.966853
624 0.128191
625 0.447033
626 0.988778
627 0.0443835
628 0.169655
629 0.563487
630 0.983877
631 0.0634508
632 0.237699
633 0.724793
634 0.797872
635 0.645089
636 0.915797
637 0.308453
638 0.853239
639 0.50089
640 0.999997
641 1.26777e-005
642 5.07102e-005
643 0.00020283
644 0.000811157
645 0.003242
646 0.0129259
647 0.0510355
648 0.193723
649 0.624779
650 0.937721
651 0.2336
652 0.716125
653 0.81316
654 0.607723
655 0.953583
656 0.177051
657 0.582816
658 0.972566
659 0.106725
660 0.381339
661 0.943678
662 0.2126
663 0.669604
664 0.884937
665 0.407293
666 0.965622
667 0.132785
668 0.460614
669 0.993795
670 0.0246664
671 0.0962319
672 0.347885
673 0.907444
674 0.335956
675 0.892359
676 0.384219
677 0.946379
678 0.202984
679 0.647126
680 0.913416
681 0.31635
682 0.86509
683 0.466836
684 0.995601
685 0.0175204
686 0.0688536
687 0.256451
688 0.762736
689 0.723879
690 0.799513
691 0.641168
692 0.920286
693 0.293439
694 0.829331
695 0.566166
696 0.982488
697 0.0688196
698 0.256334
699 0.762507
700 0.72436
701 0.79865
702 0.643233
703 0.917938
704 0.301312
705 0.842093
706 0.53189
707 0.995932
708 0.016205
709 0.0637695
710 0.238812
711 0.727123
712 0.79366
713 0.655054
714 0.903833
715 0.347677
716 0.907191
717 0.336782
718 0.893439
719 0.380822
720 0.943186
721 0.214343
722 0.673601
723 0.879451
724 0.424069
725 0.976938
726 0.0901215
727 0.327999
728 0.881662
729 0.417337
730 0.972667
731 0.106344
732 0.380138
733 0.942533
734 0.216659
735 0.678871
736 0.872021
737 0.446401
738 0.988509
739 0.0454375
740 0.173492
741 0.573569
742 0.97835
743 0.084724
744 0.310183
745 0.855879
746 0.493402
747 0.999826
748 0.00069647
749 0.00278394
750 0.0111048
751 0.0439258
752 0.167985
753 0.559065
754 0.986045
755 0.0550395
756 0.20804
757 0.659039
758 0.898827
759 0.363748
760 0.925742
761 0.274976
762 0.797457
763 0.646076
764 0.914647
765 0.312273
766 0.859034
767 0.484379
768 0.999024
769 0.00390032
770 0.0155404
771 0.0611957
772 0.229803
773 0.707975
774 0.826986
775 0.57232
776 0.979079
777 0.0819322
778 0.300877
779 0.8414
780 0.533783
781 0.995435
782 0.0181772
783 0.0713873
784 0.265165
785 0.77941
786 0.687721
787 0.859043
788 0.484352
789 0.999021
790 0.00391378
791 0.0155939
792 0.0614028
793 0.23053
794 0.709544
795 0.824366
796 0.579147
797 0.974943
798 0.0977159
799 0.35267
800 0.913176
801 0.317144
802 0.866255
803 0.46343
804 0.994651
805 0.0212835
806 0.083322
807 0.305518
808 0.848707
809 0.513615
810 0.999259
811 0.0029635
812 0.0118189
813 0.0467167
814 0.178137
815 0.585617
816 0.970679
817 0.113846
818 0.40354
819 0.962782
820 0.143331
821 0.49115
822 0.999687
823 0.00125271
824 0.00500456
825 0.0199181
826 0.0780853
827 0.287952
828 0.820143
829 0.590035
830 0.967575
831 0.125495
832 0.438984
833 0.985108
834 0.0586793
835 0.220944
836 0.688512
837 0.857853
838 0.487764
839 0.999401
840 0.00239411
841 0.00955352
842 0.037849
843 0.145666
844 0.497789
845 0.99998
846 7.82167e-005
847 0.000312842
848 0.00125098
849 0.00499765
850 0.0198907
851 0.0779803
852 0.287597
853 0.819541
854 0.591575
855 0.966456
856 0.129676
857 0.451439
858 0.990567
859 0.0373741
860 0.143909
861 0.492798
862 0.999793
863 0.000829819
864 0.00331652
865 0.0132221
866 0.052189
867 0.197861
868 0.634849
869 0.927263
870 0.269785
871 0.788005
872 0.668212
873 0.886819
874 0.401486
875 0.96118
876 0.149253
877 0.507906
878 0.99975
879 0.000999944
880 0.00399578
881 0.0159192
882 0.0626633
883 0.234946
884 0.718986
885 0.80818
886 0.6201
887 0.942304
888 0.217468
889 0.680703
890 0.869386
891 0.454216
892 0.991615
893 0.0332571
894 0.128604
895 0.448261
896 0.989292
897 0.0423726
898 0.162309
899 0.543858
900 0.992306
901 0.03054
902 0.118429
903 0.417615
904 0.972851
905 0.105649
906 0.377949
907 0.940414
908 0.224142
909 0.69561
910 0.846947
911 0.518512
912 0.998629
913 0.00547543
914 0.0217818
915 0.0852293
916 0.311861
917 0.858415
918 0.486154
919 0.999233
920 0.00306489
921 0.012222
922 0.0482905
923 0.183834
924 0.600156
925 0.959875
926 0.154061
927 0.521304
928 0.998185
929 0.00724834
930 0.0287832
931 0.111819
932 0.397262
933 0.95778
934 0.161752
935 0.542352
936 0.992825
937 0.0284933
938 0.110726
939 0.393862
940 0.954939
941 0.172122
942 0.569983
943 0.980409
944 0.0768273
945 0.283699
946 0.812856
947 0.608484
948 0.952925
949 0.179436
950 0.588956
951 0.968348
952 0.122602
953 0.430283
954 0.980558
955 0.076256
956 0.281764
957 0.809492
958 0.616858
959 0.945376
960 0.206559
961 0.65557
962 0.903192
963 0.349746
964 0.909695
965 0.328599
966 0.882486
967 0.414817
968 0.970975
969 0.112729
970 0.400084
971 0.960067
972 0.153352
973 0.519341
974 0.998504
975 0.00597611
976 0.0237616
977 0.092788
978 0.336713
979 0.89335
980 0.381103
981 0.943454
982 0.213393
983 0.671426
984 0.882452
985 0.414921
986 0.971046
987 0.112461
988 0.399255
989 0.959401
990 0.155801
991 0.526109
992 0.997273
993 0.0108774
994 0.0430363
995 0.164737
996 0.550394
997 0.989842
998 0.0402208
999 0.154412
1000 0.522277
