1 0.6
2 0.816
3 0.51049
4 0.849626
5 0.43439
6 0.835364
7 0.467605
8 0.846432
9 0.441949
10 0.838542
11 0.460323
12 0.844648
13 0.446141
14 0.840137
15 0.456642
16 0.843608
17 0.448573
18 0.841008
19 0.454626
20 0.843
21 0.449993
22 0.841498
23 0.45349
24 0.842645
25 0.450821
26 0.841777
27 0.452841
28 0.842439
29 0.451302
30 0.841937
31 0.452469
32 0.842319
33 0.451581
34 0.842029
35 0.452255
36 0.842249
37 0.451742
38 0.842082
39 0.452132
40 0.842209
41 0.451835
42 0.842113
43 0.452061
44 0.842186
45 0.451889
46 0.84213
47 0.452019
48 0.842173
49 0.451921
50 0.84214
51 0.451996
52 0.842165
53 0.451939
54 0.842146
55 0.451982
56 0.842161
57 0.451949
58 0.84215
59 0.451974
60 0.842158
61 0.451955
62 0.842152
63 0.451969
64 0.842156
65 0.451958
66 0.842153
67 0.451967
68 0.842156
69 0.451961
70 0.842154
71 0.451965
72 0.842155
73 0.451962
74 0.842154
75 0.451964
76 0.842155
77 0.451962
78 0.842154
79 0.451964
80 0.842155
81 0.451963
82 0.842154
83 0.451964
84 0.842155
85 0.451963
86 0.842154
87 0.451963
88 0.842154
89 0.451963
90 0.842154
91 0.451963
92 0.842154
93 0.451963
94 0.842154
95 0.451963
96 0.842154
97 0.451963
98 0.842154
99 0.451963
100 0.842154
101 0.451963
102 0.842154
103 0.451963
104 0.842154
105 0.451963
106 0.842154
107 0.451963
108 0.842154
109 0.451963
110 0.842154
111 0.451963
112 0.842154
113 0.451963
114 0.842154
115 0.451963
116 0.842154
117 0.451963
118 0.842154
119 0.451963
120 0.842154
121 0.451963
122 0.842154
123 0.451963
124 0.842154
125 0.451963
126 0.842154
127 0.451963
128 0.842154
129 0.451963
130 0.842154
131 0.451963
132 0.842154
133 0.451963
134 0.842154
135 0.451963
136 0.842154
137 0.451963
138 0.842154
139 0.451963
140 0.842154
141 0.451963
142 0.842154
143 0.451963
144 0.842154
145 0.451963
146 0.842154
147 0.451963
148 0.842154
149 0.451963
150 0.842154
151 0.451963
152 0.842154
153 0.451963
154 0.842154
155 0.451963
156 0.842154
157 0.451963
158 0.842154
159 0.451963
160 0.842154
161 0.451963
162 0.842154
163 0.451963
164 0.842154
165 0.451963
166 0.842154
167 0.451963
168 0.842154
169 0.451963
170 0.842154
171 0.451963
172 0.842154
173 0.451963
174 0.842154
175 0.451963
176 0.842154
177 0.451963
178 0.842154
179 0.451963
180 0.842154
181 0.451963
182 0.842154
183 0.451963
184 0.842154
185 0.451963
186 0.842154
187 0.451963
188 0.842154
189 0.451963
190 0.842154
191 0.451963
192 0.842154
193 0.451963
194 0.842154
195 0.451963
196 0.842154
197 0.451963
198 0.842154
199 0.451963
200 0.842154
201 0.451963
202 0.842154
203 0.451963
204 0.842154
205 0.451963
206 0.842154
207 0.451963
208 0.842154
209 0.451963
210 0.842154
211 0.451963
212 0.842154
213 0.451963
214 0.842154
215 0.451963
216 0.842154
217 0.451963
218 0.842154
219 0.451963
220 0.842154
221 0.451963
222 0.842154
223 0.451963
224 0.842154
225 0.451963
226 0.842154
227 0.451963
228 0.842154
229 0.451963
230 0.842154
231 0.451963
232 0.842154
233 0.451963
234 0.842154
235 0.451963
236 0.842154
237 0.451963
238 0.842154
239 0.451963
240 0.842154
241 0.451963
242 0.842154
243 0.451963
244 0.842154
245 0.451963
246 0.842154
247 0.451963
248 0.842154
249 0.451963
250 0.842154
251 0.451963
252 0.842154
253 0.451963
254 0.842154
255 0.451963
256 0.842154
257 0.451963
258 0.842154
259 0.451963
260 0.842154
261 0.451963
262 0.842154
263 0.451963
264 0.842154
265 0.451963
266 0.842154
267 0.451963
268 0.842154
269 0.451963
270 0.842154
271 0.451963
272 0.842154
273 0.451963
274 0.842154
275 0.451963
276 0.842154
277 0.451963
278 0.842154
279 0.451963
280 0.842154
281 0.451963
282 0.842154
283 0.451963
284 0.842154
285 0.451963
286 0.842154
287 0.451963
288 0.842154
289 0.451963
290 0.842154
291 0.451963
292 0.842154
293 0.451963
294 0.842154
295 0.451963
296 0.842154
297 0.451963
298 0.842154
299 0.451963
300 0.842154
301 0.451963
302 0.842154
303 0.451963
304 0.842154
305 0.451963
306 0.842154
307 0.451963
308 0.842154
309 0.451963
310 0.842154
311 0.451963
312 0.842154
313 0.451963
314 0.842154
315 0.451963
316 0.842154
317 0.451963
318 0.842154
319 0.451963
320 0.842154
321 0.451963
322 0.842154
323 0.451963
324 0.842154
325 0.451963
326 0.842154
327 0.451963
328 0.842154
329 0.451963
330 0.842154
331 0.451963
332 0.842154
333 0.451963
334 0.842154
335 0.451963
336 0.842154
337 0.451963
338 0.842154
339 0.451963
340 0.842154
341 0.451963
342 0.842154
343 0.451963
344 0.842154
345 0.451963
346 0.842154
347 0.451963
348 0.842154
349 0.451963
350 0.842154
351 0.451963
352 0.842154
353 0.451963
354 0.842154
355 0.451963
356 0.842154
357 0.451963
358 0.842154
359 0.451963
360 0.842154
361 0.451963
362 0.842154
363 0.451963
364 0.842154
365 0.451963
366 0.842154
367 0.451963
368 0.842154
369 0.451963
370 0.842154
371 0.451963
372 0.842154
373 0.451963
374 0.842154
375 0.451963
376 0.842154
377 0.451963
378 0.842154
379 0.451963
380 0.842154
381 0.451963
382 0.842154
383 0.451963
384 0.842154
385 0.451963
386 0.842154
387 0.451963
388 0.842154
389 0.451963
390 0.842154
391 0.451963
392 0.842154
393 0.451963
394 0.842154
395 0.451963
396 0.842154
397 0.451963
398 0.842154
399 0.451963
400 0.842154
401 0.451963
402 0.842154
403 0.451963
404 0.842154
405 0.451963
406 0.842154
407 0.451963
408 0.842154
409 0.451963
410 0.842154
411 0.451963
412 0.842154
413 0.451963
414 0.842154
415 0.451963
416 0.842154
417 0.451963
418 0.842154
419 0.451963
420 0.842154
421 0.451963
422 0.842154
423 0.451963
424 0.842154
425 0.451963
426 0.842154
427 0.451963
428 0.842154
429 0.451963
430 0.842154
431 0.451963
432 0.842154
433 0.451963
434 0.842154
435 0.451963
436 0.842154
437 0.451963
438 0.842154
439 0.451963
440 0.842154
441 0.451963
442 0.842154
443 0.451963
444 0.842154
445 0.451963
446 0.842154
447 0.451963
448 0.842154
449 0.451963
450 0.842154
451 0.451963
452 0.842154
453 0.451963
454 0.842154
455 0.451963
456 0.842154
457 0.451963
458 0.842154
459 0.451963
460 0.842154
461 0.451963
462 0.842154
463 0.451963
464 0.842154
465 0.451963
466 0.842154
467 0.451963
468 0.842154
469 0.451963
470 0.842154
471 0.451963
472 0.842154
473 0.451963
474 0.842154
475 0.451963
476 0.842154
477 0.451963
478 0.842154
479 0.451963
480 0.842154
481 0.451963
482 0.842154
483 0.451963
484 0.842154
485 0.451963
486 0.842154
487 0.451963
488 0.842154
489 0.451963
490 0.842154
491 0.451963
492 0.842154
493 0.451963
494 0.842154
495 0.451963
496 0.842154
497 0.451963
498 0.842154
499 0.451963
500 0.842154
501 0.451963
502 0.842154
503 0.451963
504 0.842154
505 0.451963
506 0.842154
507 0.451963
508 0.842154
509 0.451963
510 0.842154
511 0.451963
512 0.842154
513 0.451963
514 0.842154
515 0.451963
516 0.842154
517 0.451963
518 0.842154
519 0.451963
520 0.842154
521 0.451963
522 0.842154
523 0.451963
524 0.842154
525 0.451963
526 0.842154
527 0.451963
528 0.842154
529 0.451963
530 0.842154
531 0.451963
532 0.842154
533 0.451963
534 0.842154
535 0.451963
536 0.842154
537 0.451963
538 0.842154
539 0.451963
540 0.842154
541 0.451963
542 0.842154
543 0.451963
544 0.842154
545 0.451963
546 0.842154
547 0.451963
548 0.842154
549 0.451963
550 0.842154
551 0.451963
552 0.842154
553 0.451963
554 0.842154
555 0.451963
556 0.842154
557 0.451963
558 0.842154
559 0.451963
560 0.842154
561 0.451963
562 0.842154
563 0.451963
564 0.842154
565 0.451963
566 0.842154
567 0.451963
568 0.842154
569 0.451963
570 0.842154
571 0.451963
572 0.842154
573 0.451963
574 0.842154
575 0.451963
576 0.842154
577 0.451963
578 0.842154
579 0.451963
580 0.842154
581 0.451963
582 0.842154
583 0.451963
584 0.842154
585 0.451963
586 0.842154
587 0.451963
588 0.842154
589 0.451963
590 0.842154
591 0.451963
592 0.842154
593 0.451963
594 0.842154
595 0.451963
596 0.842154
597 0.451963
598 0.842154
599 0.451963
600 0.842154
601 0.451963
602 0.842154
603 0.451963
604 0.842154
605 0.451963
606 0.842154
607 0.451963
608 0.842154
609 0.451963
610 0.842154
611 0.451963
612 0.842154
613 0.451963
614 0.842154
615 0.451963
616 0.842154
617 0.451963
618 0.842154
619 0.451963
620 0.842154
621 0.451963
622 0.842154
623 0.451963
624 0.842154
625 0.451963
626 0.842154
627 0.451963
628 0.842154
629 0.451963
630 0.842154
631 0.451963
632 0.842154
633 0.451963
634 0.842154
635 0.451963
636 0.842154
637 0.451963
638 0.842154
639 0.451963
640 0.842154
641 0.451963
642 0.842154
643 0.451963
644 0.842154
645 0.451963
646 0.842154
647 0.451963
648 0.842154
649 0.451963
650 0.842154
651 0.451963
652 0.842154
653 0.451963
654 0.842154
655 0.451963
656 0.842154
657 0.451963
658 0.842154
659 0.451963
660 0.842154
661 0.451963
662 0.842154
663 0.451963
664 0.842154
665 0.451963
666 0.842154
667 0.451963
668 0.842154
669 0.451963
670 0.842154
671 0.451963
672 0.842154
673 0.451963
674 0.842154
675 0.451963
676 0.842154
677 0.451963
678 0.842154
679 0.451963
680 0.842154
681 0.451963
682 0.842154
683 0.451963
684 0.842154
685 0.451963
686 0.842154
687 0.451963
688 0.842154
689 0.451963
690 0.842154
691 0.451963
692 0.842154
693 0.451963
694 0.842154
695 0.451963
696 0.842154
697 0.451963
698 0.842154
699 0.451963
700 0.842154
701 0.451963
702 0.842154
703 0.451963
704 0.842154
705 0.451963
706 0.842154
707 0.451963
708 0.842154
709 0.451963
710 0.842154
711 0.451963
712 0.842154
713 0.451963
714 0.842154
715 0.451963
716 0.842154
717 0.451963
718 0.842154
719 0.451963
720 0.842154
721 0.451963
722 0.842154
723 0.451963
724 0.842154
725 0.451963
726 0.842154
727 0.451963
728 0.842154
729 0.451963
730 0.842154
731 0.451963
732 0.842154
733 0.451963
734 0.842154
735 0.451963
736 0.842154
737 0.451963
738 0.842154
739 0.451963
740 0.842154
741 0.451963
742 0.842154
743 0.451963
744 0.842154
745 0.451963
746 0.842154
747 0.451963
748 0.842154
749 0.451963
750 0.842154
751 0.451963
752 0.842154
753 0.451963
754 0.842154
755 0.451963
756 0.842154
757 0.451963
758 0.842154
759 0.451963
760 0.842154
761 0.451963
762 0.842154
763 0.451963
764 0.842154
765 0.451963
766 0.842154
767 0.451963
768 0.842154
769 0.451963
770 0.842154
771 0.451963
772 0.842154
773 0.451963
774 0.842154
775 0.451963
776 0.842154
777 0.451963
778 0.842154
779 0.451963
780 0.842154
781 0.451963
782 0.842154
783 0.451963
784 0.842154
785 0.451963
786 0.842154
787 0.451963
788 0.842154
789 0.451963
790 0.842154
791 0.451963
792 0.842154
793 0.451963
794 0.842154
795 0.451963
796 0.842154
797 0.451963
798 0.842154
799 0.451963
800 0.842154
801 0.451963
802 0.842154
803 0.451963
804 0.842154
805 0.451963
806 0.842154
807 0.451963
808 0.842154
809 0.451963
810 0.842154
811 0.451963
812 0.842154
813 0.451963
814 0.842154
815 0.451963
816 0.842154
817 0.451963
818 0.842154
819 0.451963
820 0.842154
821 0.451963
822 0.842154
823 0.451963
824 0.842154
825 0.451963
826 0.842154
827 0.451963
828 0.842154
829 0.451963
830 0.842154
831 0.451963
832 0.842154
833 0.451963
834 0.842154
835 0.451963
836 0.842154
837 0.451963
838 0.842154
839 0.451963
840 0.842154
841 0.451963
842 0.842154
843 0.451963
844 0.842154
845 0.451963
846 0.842154
847 0.451963
848 0.842154
849 0.451963
850 0.842154
851 0.451963
852 0.842154
853 0.451963
854 0.842154
855 0.451963
856 0.842154
857 0.451963
858 0.842154
859 0.451963
860 0.842154
861 0.451963
862 0.842154
863 0.451963
864 0.842154
865 0.451963
866 0.842154
867 0.451963
868 0.842154
869 0.451963
870 0.842154
871 0.451963
872 0.842154
873 0.451963
874 0.842154
875 0.451963
876 0.842154
877 0.451963
878 0.842154
879 0.451963
880 0.842154
881 0.451963
882 0.842154
883 0.451963
884 0.842154
885 0.451963
886 0.842154
887 0.451963
888 0.842154
889 0.451963
890 0.842154
891 0.451963
892 0.842154
893 0.451963
894 0.842154
895 0.451963
896 0.842154
897 0.451963
898 0.842154
899 0.451963
900 0.842154
901 0.451963
902 0.842154
903 0.451963
904 0.842154
905 0.451963
906 0.842154
907 0.451963
908 0.842154
909 0.451963
910 0.842154
911 0.451963
912 0.842154
913 0.451963
914 0.842154
915 0.451963
916 0.842154
917 0.451963
918 0.842154
919 0.451963
920 0.842154
921 0.451963
922 0.842154
923 0.451963
924 0.842154
925 0.451963
926 0.842154
927 0.451963
928 0.842154
929 0.451963
930 0.842154
931 0.451963
932 0.842154
933 0.451963
934 0.842154
935 0.451963
936 0.842154
937 0.451963
938 0.842154
939 0.451963
940 0.842154
941 0.451963
942 0.842154
943 0.451963
944 0.842154
945 0.451963
946 0.842154
947 0.451963
948 0.842154
949 0.451963
950 0.842154
951 0.451963
952 0.842154
953 0.451963
954 0.842154
955 0.451963
956 0.842154
957 0.451963
958 0.842154
959 0.451963
960 0.842154
961 0.451963
962 0.842154
963 0.451963
964 0.842154
965 0.451963
966 0.842154
967 0.451963
968 0.842154
969 0.451963
970 0.842154
971 0.451963
972 0.842154
973 0.451963
974 0.842154
975 0.451963
976 0.842154
977 0.451963
978 0.842154
979 0.451963
980 0.842154
981 0.451963
982 0.842154
983 0.451963
984 0.842154
985 0.451963
986 0.842154
987 0.451963
988 0.842154
989 0.451963
990 0.842154
991 0.451963
992 0.842154
993 0.451963
994 0.842154
995 0.451963
996 0.842154
997 0.451963
998 0.842154
999 0.451963
1000 0.842154
