1 0.6
2 0.852
3 0.447641
4 0.877768
5 0.380885
6 0.837131
7 0.484016
8 0.886593
9 0.356938
10 0.814843
11 0.535603
12 0.883
13 0.366754
14 0.824471
15 0.513751
16 0.886829
17 0.35629
18 0.814184
19 0.537074
20 0.882621
21 0.367785
22 0.825444
23 0.511507
24 0.88703
25 0.355738
26 0.813619
27 0.538333
28 0.882283
29 0.368701
30 0.8263
31 0.509526
32 0.887178
33 0.355331
34 0.813202
35 0.539261
36 0.882028
37 0.369394
38 0.826945
39 0.508031
40 0.887271
41 0.355075
42 0.812938
43 0.539847
44 0.881863
45 0.36984
46 0.827357
47 0.507072
48 0.887322
49 0.354934
50 0.812793
51 0.54017
52 0.881772
53 0.370089
54 0.827587
55 0.506538
56 0.887348
57 0.354863
58 0.81272
59 0.540332
60 0.881725
61 0.370215
62 0.827703
63 0.506268
64 0.887361
65 0.354829
66 0.812685
67 0.54041
68 0.881703
69 0.370275
70 0.827758
71 0.506139
72 0.887366
73 0.354813
74 0.812669
75 0.540445
76 0.881693
77 0.370303
78 0.827784
79 0.50608
80 0.887369
81 0.354806
82 0.812662
83 0.540461
84 0.881688
85 0.370315
86 0.827796
87 0.506053
88 0.88737
89 0.354803
90 0.812658
91 0.540469
92 0.881686
93 0.370321
94 0.827801
95 0.506041
96 0.88737
97 0.354802
98 0.812657
99 0.540472
100 0.881685
101 0.370323
102 0.827803
103 0.506035
104 0.887371
105 0.354801
106 0.812656
107 0.540474
108 0.881685
109 0.370325
110 0.827804
111 0.506033
112 0.887371
113 0.354801
114 0.812656
115 0.540474
116 0.881685
117 0.370325
118 0.827805
119 0.506031
120 0.887371
121 0.354801
122 0.812656
123 0.540475
124 0.881684
125 0.370325
126 0.827805
127 0.506031
128 0.887371
129 0.3548
130 0.812656
131 0.540475
132 0.881684
133 0.370325
134 0.827805
135 0.506031
136 0.887371
137 0.3548
138 0.812656
139 0.540475
140 0.881684
141 0.370326
142 0.827805
143 0.506031
144 0.887371
145 0.3548
146 0.812656
147 0.540475
148 0.881684
149 0.370326
150 0.827805
151 0.506031
152 0.887371
153 0.3548
154 0.812656
155 0.540475
156 0.881684
157 0.370326
158 0.827805
159 0.506031
160 0.887371
161 0.3548
162 0.812656
163 0.540475
164 0.881684
165 0.370326
166 0.827805
167 0.506031
168 0.887371
169 0.3548
170 0.812656
171 0.540475
172 0.881684
173 0.370326
174 0.827805
175 0.506031
176 0.887371
177 0.3548
178 0.812656
179 0.540475
180 0.881684
181 0.370326
182 0.827805
183 0.506031
184 0.887371
185 0.3548
186 0.812656
187 0.540475
188 0.881684
189 0.370326
190 0.827805
191 0.506031
192 0.887371
193 0.3548
194 0.812656
195 0.540475
196 0.881684
197 0.370326
198 0.827805
199 0.506031
200 0.887371
201 0.3548
202 0.812656
203 0.540475
204 0.881684
205 0.370326
206 0.827805
207 0.506031
208 0.887371
209 0.3548
210 0.812656
211 0.540475
212 0.881684
213 0.370326
214 0.827805
215 0.506031
216 0.887371
217 0.3548
218 0.812656
219 0.540475
220 0.881684
221 0.370326
222 0.827805
223 0.506031
224 0.887371
225 0.3548
226 0.812656
227 0.540475
228 0.881684
229 0.370326
230 0.827805
231 0.506031
232 0.887371
233 0.3548
234 0.812656
235 0.540475
236 0.881684
237 0.370326
238 0.827805
239 0.506031
240 0.887371
241 0.3548
242 0.812656
243 0.540475
244 0.881684
245 0.370326
246 0.827805
247 0.506031
248 0.887371
249 0.3548
250 0.812656
251 0.540475
252 0.881684
253 0.370326
254 0.827805
255 0.506031
256 0.887371
257 0.3548
258 0.812656
259 0.540475
260 0.881684
261 0.370326
262 0.827805
263 0.506031
264 0.887371
265 0.3548
266 0.812656
267 0.540475
268 0.881684
269 0.370326
270 0.827805
271 0.506031
272 0.887371
273 0.3548
274 0.812656
275 0.540475
276 0.881684
277 0.370326
278 0.827805
279 0.506031
280 0.887371
281 0.3548
282 0.812656
283 0.540475
284 0.881684
285 0.370326
286 0.827805
287 0.506031
288 0.887371
289 0.3548
290 0.812656
291 0.540475
292 0.881684
293 0.370326
294 0.827805
295 0.506031
296 0.887371
297 0.3548
298 0.812656
299 0.540475
300 0.881684
301 0.370326
302 0.827805
303 0.506031
304 0.887371
305 0.3548
306 0.812656
307 0.540475
308 0.881684
309 0.370326
310 0.827805
311 0.506031
312 0.887371
313 0.3548
314 0.812656
315 0.540475
316 0.881684
317 0.370326
318 0.827805
319 0.506031
320 0.887371
321 0.3548
322 0.812656
323 0.540475
324 0.881684
325 0.370326
326 0.827805
327 0.506031
328 0.887371
329 0.3548
330 0.812656
331 0.540475
332 0.881684
333 0.370326
334 0.827805
335 0.506031
336 0.887371
337 0.3548
338 0.812656
339 0.540475
340 0.881684
341 0.370326
342 0.827805
343 0.506031
344 0.887371
345 0.3548
346 0.812656
347 0.540475
348 0.881684
349 0.370326
350 0.827805
351 0.506031
352 0.887371
353 0.3548
354 0.812656
355 0.540475
356 0.881684
357 0.370326
358 0.827805
359 0.506031
360 0.887371
361 0.3548
362 0.812656
363 0.540475
364 0.881684
365 0.370326
366 0.827805
367 0.506031
368 0.887371
369 0.3548
370 0.812656
371 0.540475
372 0.881684
373 0.370326
374 0.827805
375 0.506031
376 0.887371
377 0.3548
378 0.812656
379 0.540475
380 0.881684
381 0.370326
382 0.827805
383 0.506031
384 0.887371
385 0.3548
386 0.812656
387 0.540475
388 0.881684
389 0.370326
390 0.827805
391 0.506031
392 0.887371
393 0.3548
394 0.812656
395 0.540475
396 0.881684
397 0.370326
398 0.827805
399 0.506031
400 0.887371
401 0.3548
402 0.812656
403 0.540475
404 0.881684
405 0.370326
406 0.827805
407 0.506031
408 0.887371
409 0.3548
410 0.812656
411 0.540475
412 0.881684
413 0.370326
414 0.827805
415 0.506031
416 0.887371
417 0.3548
418 0.812656
419 0.540475
420 0.881684
421 0.370326
422 0.827805
423 0.506031
424 0.887371
425 0.3548
426 0.812656
427 0.540475
428 0.881684
429 0.370326
430 0.827805
431 0.506031
432 0.887371
433 0.3548
434 0.812656
435 0.540475
436 0.881684
437 0.370326
438 0.827805
439 0.506031
440 0.887371
441 0.3548
442 0.812656
443 0.540475
444 0.881684
445 0.370326
446 0.827805
447 0.506031
448 0.887371
449 0.3548
450 0.812656
451 0.540475
452 0.881684
453 0.370326
454 0.827805
455 0.506031
456 0.887371
457 0.3548
458 0.812656
459 0.540475
460 0.881684
461 0.370326
462 0.827805
463 0.506031
464 0.887371
465 0.3548
466 0.812656
467 0.540475
468 0.881684
469 0.370326
470 0.827805
471 0.506031
472 0.887371
473 0.3548
474 0.812656
475 0.540475
476 0.881684
477 0.370326
478 0.827805
479 0.506031
480 0.887371
481 0.3548
482 0.812656
483 0.540475
484 0.881684
485 0.370326
486 0.827805
487 0.506031
488 0.887371
489 0.3548
490 0.812656
491 0.540475
492 0.881684
493 0.370326
494 0.827805
495 0.506031
496 0.887371
497 0.3548
498 0.812656
499 0.540475
500 0.881684
501 0.370326
502 0.827805
503 0.506031
504 0.887371
505 0.3548
506 0.812656
507 0.540475
508 0.881684
509 0.370326
510 0.827805
511 0.506031
512 0.887371
513 0.3548
514 0.812656
515 0.540475
516 0.881684
517 0.370326
518 0.827805
519 0.506031
520 0.887371
521 0.3548
522 0.812656
523 0.540475
524 0.881684
525 0.370326
526 0.827805
527 0.506031
528 0.887371
529 0.3548
530 0.812656
531 0.540475
532 0.881684
533 0.370326
534 0.827805
535 0.506031
536 0.887371
537 0.3548
538 0.812656
539 0.540475
540 0.881684
541 0.370326
542 0.827805
543 0.506031
544 0.887371
545 0.3548
546 0.812656
547 0.540475
548 0.881684
549 0.370326
550 0.827805
551 0.506031
552 0.887371
553 0.3548
554 0.812656
555 0.540475
556 0.881684
557 0.370326
558 0.827805
559 0.506031
560 0.887371
561 0.3548
562 0.812656
563 0.540475
564 0.881684
565 0.370326
566 0.827805
567 0.506031
568 0.887371
569 0.3548
570 0.812656
571 0.540475
572 0.881684
573 0.370326
574 0.827805
575 0.506031
576 0.887371
577 0.3548
578 0.812656
579 0.540475
580 0.881684
581 0.370326
582 0.827805
583 0.506031
584 0.887371
585 0.3548
586 0.812656
587 0.540475
588 0.881684
589 0.370326
590 0.827805
591 0.506031
592 0.887371
593 0.3548
594 0.812656
595 0.540475
596 0.881684
597 0.370326
598 0.827805
599 0.506031
600 0.887371
601 0.3548
602 0.812656
603 0.540475
604 0.881684
605 0.370326
606 0.827805
607 0.506031
608 0.887371
609 0.3548
610 0.812656
611 0.540475
612 0.881684
613 0.370326
614 0.827805
615 0.506031
616 0.887371
617 0.3548
618 0.812656
619 0.540475
620 0.881684
621 0.370326
622 0.827805
623 0.506031
624 0.887371
625 0.3548
626 0.812656
627 0.540475
628 0.881684
629 0.370326
630 0.827805
631 0.506031
632 0.887371
633 0.3548
634 0.812656
635 0.540475
636 0.881684
637 0.370326
638 0.827805
639 0.506031
640 0.887371
641 0.3548
642 0.812656
643 0.540475
644 0.881684
645 0.370326
646 0.827805
647 0.506031
648 0.887371
649 0.3548
650 0.812656
651 0.540475
652 0.881684
653 0.370326
654 0.827805
655 0.506031
656 0.887371
657 0.3548
658 0.812656
659 0.540475
660 0.881684
661 0.370326
662 0.827805
663 0.506031
664 0.887371
665 0.3548
666 0.812656
667 0.540475
668 0.881684
669 0.370326
670 0.827805
671 0.506031
672 0.887371
673 0.3548
674 0.812656
675 0.540475
676 0.881684
677 0.370326
678 0.827805
679 0.506031
680 0.887371
681 0.3548
682 0.812656
683 0.540475
684 0.881684
685 0.370326
686 0.827805
687 0.506031
688 0.887371
689 0.3548
690 0.812656
691 0.540475
692 0.881684
693 0.370326
694 0.827805
695 0.506031
696 0.887371
697 0.3548
698 0.812656
699 0.540475
700 0.881684
701 0.370326
702 0.827805
703 0.506031
704 0.887371
705 0.3548
706 0.812656
707 0.540475
708 0.881684
709 0.370326
710 0.827805
711 0.506031
712 0.887371
713 0.3548
714 0.812656
715 0.540475
716 0.881684
717 0.370326
718 0.827805
719 0.506031
720 0.887371
721 0.3548
722 0.812656
723 0.540475
724 0.881684
725 0.370326
726 0.827805
727 0.506031
728 0.887371
729 0.3548
730 0.812656
731 0.540475
732 0.881684
733 0.370326
734 0.827805
735 0.506031
736 0.887371
737 0.3548
738 0.812656
739 0.540475
740 0.881684
741 0.370326
742 0.827805
743 0.506031
744 0.887371
745 0.3548
746 0.812656
747 0.540475
748 0.881684
749 0.370326
750 0.827805
751 0.506031
752 0.887371
753 0.3548
754 0.812656
755 0.540475
756 0.881684
757 0.370326
758 0.827805
759 0.506031
760 0.887371
761 0.3548
762 0.812656
763 0.540475
764 0.881684
765 0.370326
766 0.827805
767 0.506031
768 0.887371
769 0.3548
770 0.812656
771 0.540475
772 0.881684
773 0.370326
774 0.827805
775 0.506031
776 0.887371
777 0.3548
778 0.812656
779 0.540475
780 0.881684
781 0.370326
782 0.827805
783 0.506031
784 0.887371
785 0.3548
786 0.812656
787 0.540475
788 0.881684
789 0.370326
790 0.827805
791 0.506031
792 0.887371
793 0.3548
794 0.812656
795 0.540475
796 0.881684
797 0.370326
798 0.827805
799 0.506031
800 0.887371
801 0.3548
802 0.812656
803 0.540475
804 0.881684
805 0.370326
806 0.827805
807 0.506031
808 0.887371
809 0.3548
810 0.812656
811 0.540475
812 0.881684
813 0.370326
814 0.827805
815 0.506031
816 0.887371
817 0.3548
818 0.812656
819 0.540475
820 0.881684
821 0.370326
822 0.827805
823 0.506031
824 0.887371
825 0.3548
826 0.812656
827 0.540475
828 0.881684
829 0.370326
830 0.827805
831 0.506031
832 0.887371
833 0.3548
834 0.812656
835 0.540475
836 0.881684
837 0.370326
838 0.827805
839 0.506031
840 0.887371
841 0.3548
842 0.812656
843 0.540475
844 0.881684
845 0.370326
846 0.827805
847 0.506031
848 0.887371
849 0.3548
850 0.812656
851 0.540475
852 0.881684
853 0.370326
854 0.827805
855 0.506031
856 0.887371
857 0.3548
858 0.812656
859 0.540475
860 0.881684
861 0.370326
862 0.827805
863 0.506031
864 0.887371
865 0.3548
866 0.812656
867 0.540475
868 0.881684
869 0.370326
870 0.827805
871 0.506031
872 0.887371
873 0.3548
874 0.812656
875 0.540475
876 0.881684
877 0.370326
878 0.827805
879 0.506031
880 0.887371
881 0.3548
882 0.812656
883 0.540475
884 0.881684
885 0.370326
886 0.827805
887 0.506031
888 0.887371
889 0.3548
890 0.812656
891 0.540475
892 0.881684
893 0.370326
894 0.827805
895 0.506031
896 0.887371
897 0.3548
898 0.812656
899 0.540475
900 0.881684
901 0.370326
902 0.827805
903 0.506031
904 0.887371
905 0.3548
906 0.812656
907 0.540475
908 0.881684
909 0.370326
910 0.827805
911 0.506031
912 0.887371
913 0.3548
914 0.812656
915 0.540475
916 0.881684
917 0.370326
918 0.827805
919 0.506031
920 0.887371
921 0.3548
922 0.812656
923 0.540475
924 0.881684
925 0.370326
926 0.827805
927 0.506031
928 0.887371
929 0.3548
930 0.812656
931 0.540475
932 0.881684
933 0.370326
934 0.827805
935 0.506031
936 0.887371
937 0.3548
938 0.812656
939 0.540475
940 0.881684
941 0.370326
942 0.827805
943 0.506031
944 0.887371
945 0.3548
946 0.812656
947 0.540475
948 0.881684
949 0.370326
950 0.827805
951 0.506031
952 0.887371
953 0.3548
954 0.812656
955 0.540475
956 0.881684
957 0.370326
958 0.827805
959 0.506031
960 0.887371
961 0.3548
962 0.812656
963 0.540475
964 0.881684
965 0.370326
966 0.827805
967 0.506031
968 0.887371
969 0.3548
970 0.812656
971 0.540475
972 0.881684
973 0.370326
974 0.827805
975 0.506031
976 0.887371
977 0.3548
978 0.812656
979 0.540475
980 0.881684
981 0.370326
982 0.827805
983 0.506031
984 0.887371
985 0.3548
986 0.812656
987 0.540475
988 0.881684
989 0.370326
990 0.827805
991 0.506031
992 0.887371
993 0.3548
994 0.812656
995 0.540475
996 0.881684
997 0.370326
998 0.827805
999 0.506031
1000 0.887371
