1 0.6
2 0.8568
3 0.438017
4 0.878784
5 0.380285
6 0.841336
7 0.476558
8 0.890538
9 0.348003
10 0.810022
11 0.549374
12 0.883797
13 0.366638
14 0.829006
15 0.506065
16 0.892369
17 0.342887
18 0.804376
19 0.561757
20 0.878884
21 0.380015
22 0.841105
23 0.477122
24 0.890631
25 0.347743
26 0.80974
27 0.549998
28 0.883576
29 0.367245
30 0.829583
31 0.50471
32 0.892421
33 0.342741
34 0.804213
35 0.562113
36 0.878727
37 0.380441
38 0.841469
39 0.476234
40 0.890484
41 0.348156
42 0.810187
43 0.549008
44 0.883926
45 0.366286
46 0.82867
47 0.506853
48 0.892332
49 0.342989
50 0.804491
51 0.561509
52 0.878993
53 0.379719
54 0.840851
55 0.477739
56 0.890731
57 0.347466
58 0.809438
59 0.550666
60 0.883336
61 0.367902
62 0.830204
63 0.503247
64 0.892462
65 0.342625
66 0.804082
67 0.562397
68 0.8786
69 0.380782
70 0.84176
71 0.475524
72 0.890361
73 0.348496
74 0.810556
75 0.54819
76 0.884209
77 0.365508
78 0.827925
79 0.5086
80 0.892236
81 0.343259
82 0.804793
83 0.560851
84 0.879281
85 0.378942
86 0.840181
87 0.479368
88 0.89098
89 0.34677
90 0.808678
91 0.552342
92 0.882719
93 0.369588
94 0.831784
95 0.499513
96 0.892499
97 0.342522
98 0.803966
99 0.562649
100 0.878488
101 0.381086
102 0.842018
103 0.474895
104 0.89025
105 0.348807
106 0.810892
107 0.547446
108 0.884464
109 0.36481
110 0.827254
111 0.510171
112 0.892131
113 0.343554
114 0.805123
115 0.560134
116 0.879591
117 0.378102
118 0.839453
119 0.481135
120 0.89123
121 0.346074
122 0.807915
123 0.554022
124 0.882081
125 0.37133
126 0.833395
127 0.495687
128 0.892434
129 0.342705
130 0.804172
131 0.562201
132 0.878688
133 0.380546
134 0.841558
135 0.476016
136 0.890446
137 0.348259
138 0.8103
139 0.548759
140 0.884012
141 0.366048
142 0.828443
143 0.507387
144 0.892305
145 0.343065
146 0.804576
147 0.561324
148 0.879075
149 0.379499
150 0.840662
151 0.478199
152 0.890803
153 0.347264
154 0.809218
155 0.551152
156 0.883159
157 0.368385
158 0.830659
159 0.502174
160 0.892483
161 0.342566
162 0.804016
163 0.562539
164 0.878537
165 0.380953
166 0.841906
167 0.475169
168 0.890299
169 0.348671
170 0.810745
171 0.547772
172 0.884353
173 0.365115
174 0.827548
175 0.509484
176 0.892179
177 0.343419
178 0.804972
179 0.560462
180 0.879449
181 0.378485
182 0.839786
183 0.480328
184 0.891118
185 0.346384
186 0.808256
187 0.553273
188 0.882368
189 0.370546
190 0.832673
191 0.497404
192 0.892476
193 0.342587
194 0.804039
195 0.56249
196 0.878559
197 0.380894
198 0.841855
199 0.475292
200 0.890321
201 0.34861
202 0.810679
203 0.547918
204 0.884303
205 0.365251
206 0.827679
207 0.509177
208 0.892199
209 0.343361
210 0.804908
211 0.560601
212 0.879389
213 0.378648
214 0.839927
215 0.479984
216 0.89107
217 0.34652
218 0.808405
219 0.552945
220 0.882493
221 0.370207
222 0.832359
223 0.49815
224 0.892488
225 0.342553
226 0.804002
227 0.562571
228 0.878523
229 0.380992
230 0.841938
231 0.475089
232 0.890285
233 0.34871
234 0.810787
235 0.547678
236 0.884385
237 0.365027
238 0.827462
239 0.509683
240 0.892165
241 0.343457
242 0.805014
243 0.560369
244 0.879489
245 0.378377
246 0.839692
247 0.480556
248 0.89115
249 0.346295
250 0.808158
251 0.553488
252 0.882286
253 0.37077
254 0.832879
255 0.496913
256 0.892466
257 0.342615
258 0.80407
259 0.562422
260 0.878589
261 0.380812
262 0.841785
263 0.475462
264 0.890351
265 0.348526
266 0.810589
267 0.548118
268 0.884234
269 0.36544
270 0.82786
271 0.508753
272 0.892226
273 0.343286
274 0.804823
275 0.560786
276 0.879309
277 0.378865
278 0.840115
279 0.479528
280 0.891004
281 0.346704
282 0.808606
283 0.552501
284 0.88266
285 0.36975
286 0.831934
287 0.499156
288 0.892497
289 0.342526
290 0.803971
291 0.562637
292 0.878493
293 0.381072
294 0.842006
295 0.474924
296 0.890255
297 0.348792
298 0.810876
299 0.54748
300 0.884452
301 0.364842
302 0.827285
303 0.510098
304 0.892136
305 0.343539
306 0.805106
307 0.56017
308 0.879575
309 0.378144
310 0.839489
311 0.481047
312 0.891218
313 0.346107
314 0.807952
315 0.553942
316 0.882112
317 0.371245
318 0.833317
319 0.495872
320 0.892439
321 0.34269
322 0.804155
323 0.562239
324 0.878671
325 0.380591
326 0.841598
327 0.475921
328 0.89043
329 0.348305
330 0.810349
331 0.54865
332 0.88405
333 0.365944
334 0.828343
335 0.507621
336 0.892293
337 0.3431
338 0.804615
339 0.561238
340 0.879112
341 0.379398
342 0.840575
343 0.478411
344 0.890836
345 0.347172
346 0.809118
347 0.551372
348 0.883078
349 0.368606
350 0.830866
351 0.501684
352 0.89249
353 0.342548
354 0.803995
355 0.562585
356 0.878517
357 0.381009
358 0.841953
359 0.475053
360 0.890278
361 0.348728
362 0.810807
363 0.547635
364 0.884399
365 0.364987
366 0.827424
367 0.509773
368 0.892159
369 0.343474
370 0.805034
371 0.560327
372 0.879508
373 0.378327
374 0.839649
375 0.480661
376 0.891165
377 0.346255
378 0.808114
379 0.553585
380 0.882249
381 0.370872
382 0.832973
383 0.49669
384 0.892461
385 0.342629
386 0.804086
387 0.562387
388 0.878605
389 0.38077
390 0.84175
391 0.47555
392 0.890366
393 0.348484
394 0.810543
395 0.54822
396 0.884199
397 0.365536
398 0.827952
399 0.508537
400 0.89224
401 0.343248
402 0.804781
403 0.560878
404 0.879269
405 0.378973
406 0.840208
407 0.479303
408 0.890971
409 0.346797
410 0.808708
411 0.552278
412 0.882743
413 0.369522
414 0.831722
415 0.499658
416 0.8925
417 0.34252
418 0.803965
419 0.562652
420 0.878487
421 0.381089
422 0.842021
423 0.474887
424 0.890249
425 0.348811
426 0.810896
427 0.547437
428 0.884467
429 0.364802
430 0.827246
431 0.51019
432 0.892129
433 0.343557
434 0.805127
435 0.560124
436 0.879595
437 0.378091
438 0.839443
439 0.481158
440 0.891233
441 0.346065
442 0.807906
443 0.554043
444 0.882073
445 0.371351
446 0.833415
447 0.49564
448 0.892432
449 0.342709
450 0.804177
451 0.562191
452 0.878692
453 0.380534
454 0.841548
455 0.476041
456 0.890451
457 0.348247
458 0.810287
459 0.548788
460 0.884003
461 0.366075
462 0.828469
463 0.507326
464 0.892308
465 0.343056
466 0.804566
467 0.561346
468 0.879065
469 0.379525
470 0.840685
471 0.478145
472 0.890795
473 0.347288
474 0.809244
475 0.551095
476 0.88318
477 0.368328
478 0.830605
479 0.5023
480 0.892481
481 0.342572
482 0.804023
483 0.562525
484 0.878543
485 0.380937
486 0.841891
487 0.475204
488 0.890305
489 0.348654
490 0.810726
491 0.547813
492 0.884339
493 0.365153
494 0.827584
495 0.509398
496 0.892185
497 0.343402
498 0.804954
499 0.560502
500 0.879432
501 0.378531
502 0.839826
503 0.48023
504 0.891105
505 0.346423
506 0.808298
507 0.55318
508 0.882404
509 0.37045
510 0.832584
511 0.497615
512 0.89248
513 0.342576
514 0.804027
515 0.562516
516 0.878548
517 0.380925
518 0.841881
519 0.475228
520 0.890309
521 0.348642
522 0.810713
523 0.547842
524 0.884329
525 0.36518
526 0.82761
527 0.509337
528 0.892189
529 0.343391
530 0.804941
531 0.560529
532 0.87942
533 0.378564
534 0.839854
535 0.480162
536 0.891095
537 0.34645
538 0.808327
539 0.553115
540 0.882428
541 0.370382
542 0.832521
543 0.497763
544 0.892482
545 0.342569
546 0.80402
547 0.562532
548 0.87854
549 0.380945
550 0.841899
551 0.475186
552 0.890302
553 0.348662
554 0.810736
555 0.547792
556 0.884346
557 0.365134
558 0.827566
559 0.509442
560 0.892182
561 0.343411
562 0.804963
563 0.560482
564 0.879441
565 0.378508
566 0.839806
567 0.480279
568 0.891112
569 0.346403
570 0.808277
571 0.553227
572 0.882386
573 0.370498
574 0.832629
575 0.497508
576 0.892478
577 0.342581
578 0.804033
579 0.562503
580 0.878553
581 0.38091
582 0.841868
583 0.47526
584 0.890315
585 0.348626
586 0.810697
587 0.54788
588 0.884316
589 0.365215
590 0.827644
591 0.509258
592 0.892194
593 0.343376
594 0.804924
595 0.560565
596 0.879405
597 0.378606
598 0.839891
599 0.480073
600 0.891082
601 0.346485
602 0.808366
603 0.55303
604 0.88246
605 0.370295
606 0.83244
607 0.497955
608 0.892485
609 0.342561
610 0.80401
611 0.562553
612 0.878531
613 0.380969
614 0.841919
615 0.475136
616 0.890293
617 0.348687
618 0.810763
619 0.547733
620 0.884366
621 0.365078
622 0.827512
623 0.509567
624 0.892173
625 0.343435
626 0.80499
627 0.560424
628 0.879466
629 0.37844
630 0.839747
631 0.480423
632 0.891132
633 0.346347
634 0.808215
635 0.553362
636 0.882334
637 0.370639
638 0.832759
639 0.4972
640 0.892472
641 0.342598
642 0.804051
643 0.562463
644 0.878571
645 0.380862
646 0.841828
647 0.47536
648 0.890332
649 0.348577
650 0.810644
651 0.547997
652 0.884276
653 0.365326
654 0.82775
655 0.509009
656 0.89221
657 0.343331
658 0.804874
659 0.560676
660 0.879357
661 0.378736
662 0.840003
663 0.479801
664 0.891043
665 0.346594
666 0.808485
667 0.552767
668 0.88256
669 0.370024
670 0.832189
671 0.498552
672 0.892493
673 0.34254
674 0.803987
675 0.562603
676 0.878508
677 0.381031
678 0.841971
679 0.475008
680 0.89027
681 0.34875
682 0.810831
683 0.547581
684 0.884418
685 0.364937
686 0.827376
687 0.509886
688 0.892151
689 0.343497
690 0.805059
691 0.560273
692 0.879531
693 0.378264
694 0.839594
695 0.480794
696 0.891183
697 0.346204
698 0.808058
699 0.553709
700 0.882202
701 0.371001
702 0.833092
703 0.496407
704 0.892454
705 0.342648
706 0.804108
707 0.562339
708 0.878626
709 0.380713
710 0.841701
711 0.475669
712 0.890387
713 0.348426
714 0.81048
715 0.548359
716 0.884151
717 0.365667
718 0.828078
719 0.508242
720 0.892258
721 0.343199
722 0.804726
723 0.560998
724 0.879217
725 0.379115
726 0.840331
727 0.479005
728 0.890926
729 0.34692
730 0.808843
731 0.551979
732 0.882854
733 0.369218
734 0.831439
735 0.500329
736 0.8925
737 0.34252
738 0.803964
739 0.562652
740 0.878487
741 0.381089
742 0.842021
743 0.474887
744 0.890248
745 0.348811
746 0.810896
747 0.547436
748 0.884467
749 0.364801
750 0.827245
751 0.510191
752 0.892129
753 0.343558
754 0.805127
755 0.560124
756 0.879595
757 0.37809
758 0.839443
759 0.48116
760 0.891233
761 0.346065
762 0.807905
763 0.554044
764 0.882073
765 0.371353
766 0.833416
767 0.495636
768 0.892432
769 0.34271
770 0.804177
771 0.56219
772 0.878693
773 0.380533
774 0.841547
775 0.476043
776 0.890451
777 0.348246
778 0.810286
779 0.54879
780 0.884002
781 0.366077
782 0.828471
783 0.507322
784 0.892309
785 0.343055
786 0.804565
787 0.561347
788 0.879064
789 0.379527
790 0.840686
791 0.478141
792 0.890794
793 0.347289
794 0.809246
795 0.55109
796 0.883181
797 0.368324
798 0.830601
799 0.502309
800 0.892481
801 0.342573
802 0.804023
803 0.562524
804 0.878544
805 0.380935
806 0.84189
807 0.475206
808 0.890305
809 0.348652
810 0.810725
811 0.547816
812 0.884338
813 0.365156
814 0.827587
815 0.509391
816 0.892185
817 0.343401
818 0.804952
819 0.560505
820 0.879431
821 0.378535
822 0.839829
823 0.480223
824 0.891104
825 0.346425
826 0.808301
827 0.553173
828 0.882406
829 0.370443
830 0.832577
831 0.497631
832 0.89248
833 0.342575
834 0.804026
835 0.562518
836 0.878547
837 0.380927
838 0.841883
839 0.475223
840 0.890308
841 0.348644
842 0.810716
843 0.547837
844 0.884331
845 0.365175
846 0.827605
847 0.509349
848 0.892188
849 0.343393
850 0.804943
851 0.560524
852 0.879422
853 0.378558
854 0.839849
855 0.480175
856 0.891097
857 0.346444
858 0.808322
859 0.553127
860 0.882424
861 0.370395
862 0.832533
863 0.497735
864 0.892482
865 0.342571
866 0.804021
867 0.562529
868 0.878542
869 0.380941
870 0.841895
871 0.475194
872 0.890303
873 0.348658
874 0.810732
875 0.547802
876 0.884343
877 0.365142
878 0.827574
879 0.509422
880 0.892183
881 0.343407
882 0.804959
883 0.560491
884 0.879437
885 0.378518
886 0.839815
887 0.480258
888 0.891109
889 0.346412
890 0.808286
891 0.553206
892 0.882394
893 0.370477
894 0.832609
895 0.497556
896 0.892479
897 0.342579
898 0.80403
899 0.562509
900 0.878551
901 0.380917
902 0.841874
903 0.475245
904 0.890312
905 0.348633
906 0.810704
907 0.547863
908 0.884322
909 0.3652
910 0.827629
911 0.509293
912 0.892192
913 0.343383
914 0.804932
915 0.560549
916 0.879412
917 0.378587
918 0.839874
919 0.480113
920 0.891088
921 0.346469
922 0.808349
923 0.553068
924 0.882446
925 0.370334
926 0.832477
927 0.497869
928 0.892484
929 0.342565
930 0.804014
931 0.562544
932 0.878535
933 0.380959
934 0.84191
935 0.475158
936 0.890297
937 0.348676
938 0.810751
939 0.547759
940 0.884357
941 0.365102
942 0.827535
943 0.509512
944 0.892177
945 0.343424
946 0.804978
947 0.560449
948 0.879455
949 0.37847
950 0.839773
951 0.48036
952 0.891123
953 0.346372
954 0.808242
955 0.553303
956 0.882357
957 0.370578
958 0.832702
959 0.497335
960 0.892475
961 0.34259
962 0.804043
963 0.562481
964 0.878563
965 0.380883
966 0.841846
967 0.475314
968 0.890325
969 0.348599
970 0.810667
971 0.547944
972 0.884294
973 0.365276
974 0.827703
975 0.509121
976 0.892203
977 0.343351
978 0.804896
979 0.560626
980 0.879378
981 0.378677
982 0.839953
983 0.479923
984 0.891061
985 0.346545
986 0.808432
987 0.552886
988 0.882515
989 0.370146
990 0.832302
991 0.498284
992 0.892489
993 0.342549
994 0.803996
995 0.562583
996 0.878518
997 0.381006
998 0.84195
999 0.47506
1000 0.890279
