1 0.6
2 0.864
3 0.423014
4 0.878664
5 0.38381
6 0.8514
7 0.455466
8 0.89286
9 0.344379
10 0.812816
11 0.547727
12 0.8918
13 0.347375
14 0.81614
15 0.5402
16 0.894182
17 0.340633
18 0.808568
19 0.557228
20 0.88821
21 0.357455
22 0.826852
23 0.515405
24 0.899146
25 0.326458
26 0.791579
27 0.593934
28 0.868235
29 0.411851
30 0.872027
31 0.401746
32 0.865246
33 0.419743
34 0.876812
35 0.388846
36 0.855521
37 0.444977
38 0.889101
39 0.354961
40 0.82427
41 0.521457
42 0.898343
43 0.328763
44 0.794441
45 0.587896
46 0.872187
47 0.401316
48 0.864941
49 0.420545
50 0.877273
51 0.387595
52 0.854514
53 0.44755
54 0.890096
55 0.352169
56 0.821326
57 0.528299
58 0.897117
59 0.332273
60 0.798724
61 0.578751
62 0.877674
63 0.386504
64 0.853627
65 0.449811
66 0.890932
67 0.34982
68 0.818805
69 0.534107
70 0.895812
71 0.335998
72 0.803172
73 0.569112
74 0.882805
75 0.372458
76 0.841439
77 0.48031
78 0.898604
79 0.328013
80 0.793513
81 0.58986
82 0.870931
83 0.404677
84 0.867289
85 0.414356
86 0.873594
87 0.397538
88 0.862205
89 0.427706
90 0.881185
91 0.376913
92 0.845459
93 0.47037
94 0.896839
95 0.333067
96 0.79968
97 0.576691
98 0.878826
99 0.383366
100 0.851027
101 0.456407
102 0.893159
103 0.343534
104 0.811866
105 0.549862
106 0.89105
107 0.349489
108 0.818447
109 0.534929
110 0.895608
111 0.33658
112 0.803858
113 0.567613
114 0.883542
115 0.370423
116 0.839555
117 0.484928
118 0.899182
119 0.326353
120 0.791448
121 0.594209
122 0.868049
123 0.412344
124 0.872339
125 0.400908
126 0.864651
127 0.421307
128 0.877707
129 0.386416
130 0.853555
131 0.449996
132 0.890999
133 0.349632
134 0.818602
135 0.534573
136 0.895697
137 0.336326
138 0.803559
139 0.568266
140 0.883223
141 0.371304
142 0.840375
143 0.482922
144 0.89895
145 0.32702
146 0.79228
147 0.59246
148 0.869224
149 0.409224
150 0.870335
151 0.406266
152 0.868371
153 0.411491
154 0.871798
155 0.402357
156 0.865677
157 0.418608
158 0.876151
159 0.390636
160 0.856942
161 0.441332
162 0.887609
163 0.359134
164 0.828564
165 0.511364
166 0.899535
167 0.325338
168 0.790176
169 0.596873
170 0.866216
171 0.417189
172 0.875312
173 0.392907
174 0.858712
175 0.436773
176 0.885608
177 0.364702
178 0.8341
179 0.498158
180 0.899988
181 0.324035
182 0.788531
183 0.6003
184 0.863784
185 0.42358
186 0.878976
187 0.382958
188 0.850684
189 0.457275
190 0.893428
191 0.342771
192 0.811004
193 0.551795
194 0.890342
195 0.351479
196 0.820589
197 0.530001
198 0.89676
199 0.333294
200 0.799953
201 0.576102
202 0.87915
203 0.382482
204 0.850282
205 0.458288
206 0.893736
207 0.341898
208 0.810014
209 0.55401
210 0.889499
211 0.353847
212 0.823101
213 0.52418
214 0.897895
215 0.330046
216 0.796016
217 0.584548
218 0.874266
219 0.395731
220 0.86086
221 0.431207
222 0.882963
223 0.372021
224 0.841037
225 0.481297
226 0.898741
227 0.327621
228 0.793028
229 0.590885
230 0.870264
231 0.406457
232 0.868499
233 0.41115
234 0.87158
235 0.402941
236 0.866086
237 0.417532
238 0.875516
239 0.392355
240 0.858285
241 0.437874
242 0.886105
243 0.363322
244 0.832749
245 0.501401
246 0.899993
247 0.32402
248 0.788512
249 0.600339
250 0.863756
251 0.423654
252 0.879017
253 0.382847
254 0.85059
255 0.457511
256 0.893501
257 0.342566
258 0.810772
259 0.552315
260 0.890147
261 0.352026
262 0.821173
263 0.528652
264 0.897045
265 0.33248
266 0.798973
267 0.578214
268 0.877977
269 0.38568
270 0.852951
271 0.451531
272 0.891543
273 0.348099
274 0.816934
275 0.53839
276 0.894694
277 0.339179
278 0.806892
279 0.560943
280 0.886629
281 0.361864
282 0.831306
283 0.504851
284 0.899915
285 0.324244
286 0.788795
287 0.59975
288 0.86418
289 0.422544
290 0.878402
291 0.384524
292 0.851995
293 0.453959
294 0.892369
295 0.345768
296 0.814365
297 0.544229
298 0.892958
299 0.344103
300 0.812506
301 0.548423
302 0.891559
303 0.348055
304 0.816885
305 0.538501
306 0.894664
307 0.339266
308 0.806993
309 0.560719
310 0.886728
311 0.361591
312 0.831034
313 0.505499
314 0.899891
315 0.324313
316 0.788883
317 0.599567
318 0.864311
319 0.422199
320 0.878209
321 0.385048
322 0.852429
323 0.452856
324 0.891999
325 0.346813
326 0.815521
327 0.541607
328 0.893768
329 0.341809
330 0.809912
331 0.554236
332 0.889411
333 0.354094
334 0.823361
335 0.523575
336 0.897999
337 0.329748
338 0.795651
339 0.585325
340 0.873791
341 0.39701
342 0.861815
343 0.428723
344 0.881711
345 0.375469
346 0.844171
347 0.473566
348 0.897485
349 0.331222
350 0.79745
351 0.581484
352 0.876097
353 0.390783
354 0.857058
355 0.441034
356 0.887483
357 0.359485
358 0.82892
359 0.510521
360 0.899602
361 0.325147
362 0.789935
363 0.597375
364 0.865865
365 0.418114
366 0.875861
367 0.391423
368 0.85756
369 0.439743
370 0.886929
371 0.36103
372 0.830474
373 0.506832
374 0.899832
375 0.324484
376 0.789099
377 0.599119
378 0.864632
379 0.421358
380 0.877735
381 0.386338
382 0.853491
383 0.450159
384 0.891057
385 0.349468
386 0.818424
387 0.534982
388 0.895595
389 0.336618
390 0.803902
391 0.567516
392 0.88359
393 0.370292
394 0.839433
395 0.485227
396 0.899214
397 0.326261
398 0.791333
399 0.594451
400 0.867884
401 0.41278
402 0.872614
403 0.400173
404 0.864124
405 0.422688
406 0.878482
407 0.384304
408 0.851812
409 0.454423
410 0.892522
411 0.345336
412 0.813884
413 0.545316
414 0.892607
415 0.345094
416 0.813615
417 0.545925
418 0.892407
419 0.345659
420 0.814244
421 0.544502
422 0.892871
423 0.34435
424 0.812783
425 0.5478
426 0.891774
427 0.347446
428 0.816218
429 0.540022
430 0.894234
431 0.340487
432 0.8084
433 0.557601
434 0.888056
435 0.357887
436 0.827294
437 0.514364
438 0.899257
439 0.326137
440 0.791178
441 0.594775
442 0.867664
443 0.413364
444 0.872979
445 0.399192
446 0.863416
447 0.424544
448 0.879503
449 0.381519
450 0.849464
451 0.46035
452 0.89434
453 0.340185
454 0.808053
455 0.558373
456 0.887733
457 0.358786
458 0.828211
459 0.512199
460 0.899464
461 0.325542
462 0.790432
463 0.596338
464 0.866588
465 0.416207
466 0.874723
467 0.394497
468 0.859929
469 0.433624
470 0.884139
471 0.368773
472 0.838006
473 0.488706
474 0.899541
475 0.325322
476 0.790155
477 0.596916
478 0.866186
479 0.417268
480 0.87536
481 0.392778
482 0.858613
483 0.437029
484 0.885725
485 0.364379
486 0.833785
487 0.498915
488 0.899996
489 0.324012
490 0.788502
491 0.60036
492 0.86374
493 0.423695
494 0.879039
495 0.382786
496 0.850539
497 0.457641
498 0.89354
499 0.342453
500 0.810645
501 0.5526
502 0.89004
503 0.352329
504 0.821495
505 0.527907
506 0.897196
507 0.332046
508 0.798449
509 0.57934
510 0.877338
511 0.387417
512 0.85437
513 0.447918
514 0.890235
515 0.35178
516 0.820911
517 0.529259
518 0.896918
519 0.332842
520 0.799409
521 0.577275
522 0.878503
523 0.384249
524 0.851766
525 0.454539
526 0.89256
527 0.345228
528 0.813765
529 0.545586
530 0.892519
531 0.345344
532 0.813894
533 0.545295
534 0.892614
535 0.345075
536 0.813594
537 0.545973
538 0.892391
539 0.345704
540 0.814294
541 0.544389
542 0.892907
543 0.344248
544 0.812669
545 0.548058
546 0.891685
547 0.347697
548 0.816494
549 0.539395
550 0.894413
551 0.339978
552 0.807815
553 0.5589
554 0.887511
555 0.359408
556 0.828842
557 0.510707
558 0.899587
559 0.325188
560 0.789987
561 0.597268
562 0.86594
563 0.417915
564 0.875744
565 0.39174
566 0.857807
567 0.439106
568 0.886651
569 0.361804
570 0.831246
571 0.504993
572 0.89991
573 0.324258
574 0.788814
575 0.599712
576 0.864207
577 0.422471
578 0.878362
579 0.384633
580 0.852086
581 0.453728
582 0.892292
583 0.345985
584 0.814606
585 0.543684
586 0.89313
587 0.343615
588 0.811958
589 0.549656
590 0.891123
591 0.349281
592 0.818222
593 0.535446
594 0.895477
595 0.336953
596 0.804296
597 0.566654
598 0.884006
599 0.369142
600 0.838354
601 0.48786
602 0.899469
603 0.325527
604 0.790413
605 0.596377
606 0.866561
607 0.416278
608 0.874766
609 0.394381
610 0.859841
611 0.433853
612 0.884248
613 0.368472
614 0.837721
615 0.4894
616 0.899595
617 0.325164
618 0.789957
619 0.59733
620 0.865897
621 0.41803
622 0.875811
623 0.391557
624 0.857665
625 0.439473
626 0.886811
627 0.361357
628 0.830801
629 0.506054
630 0.899868
631 0.32438
632 0.788967
633 0.599392
634 0.864436
635 0.42187
636 0.878025
637 0.38555
638 0.852844
639 0.451803
640 0.891637
641 0.347833
642 0.816643
643 0.539055
644 0.894509
645 0.339706
646 0.807501
647 0.559596
648 0.887214
649 0.360235
650 0.829677
651 0.508727
652 0.899726
653 0.324789
654 0.789484
655 0.598316
656 0.865203
657 0.419858
658 0.876878
659 0.388667
660 0.855378
661 0.445344
662 0.889246
663 0.354556
664 0.823846
665 0.522447
666 0.898186
667 0.329212
668 0.794993
669 0.586724
670 0.872924
671 0.399339
672 0.863523
673 0.424265
674 0.879351
675 0.381934
676 0.849818
677 0.459459
678 0.894083
679 0.340915
680 0.808891
681 0.556512
682 0.888503
683 0.356635
684 0.826007
685 0.517389
686 0.898911
687 0.327131
688 0.792418
689 0.592169
690 0.869417
691 0.408711
692 0.869999
693 0.407164
694 0.868973
695 0.409892
696 0.87077
697 0.405107
698 0.867583
699 0.413578
700 0.873112
701 0.398834
702 0.863156
703 0.425225
704 0.879871
705 0.380512
706 0.848602
707 0.462517
708 0.894942
709 0.338475
710 0.806075
711 0.562746
712 0.885827
713 0.364096
714 0.833508
715 0.49958
716 0.899999
717 0.324002
718 0.788489
719 0.600387
720 0.863721
721 0.423746
722 0.879067
723 0.382708
724 0.850474
725 0.457806
726 0.893591
727 0.342311
728 0.810483
729 0.552961
730 0.889902
731 0.352714
732 0.821904
733 0.526959
734 0.897384
735 0.331511
736 0.797801
737 0.580733
738 0.876536
739 0.389594
740 0.856118
741 0.443448
742 0.888487
743 0.356681
744 0.826055
745 0.517278
746 0.898925
747 0.327091
748 0.792369
749 0.592274
750 0.869348
751 0.408895
752 0.87012
753 0.406841
754 0.868757
755 0.410465
756 0.871141
757 0.404117
758 0.866903
759 0.415376
760 0.87422
761 0.395855
762 0.860953
763 0.430965
764 0.882843
765 0.372352
766 0.841342
767 0.480549
768 0.898638
769 0.327916
770 0.793393
771 0.590113
772 0.870767
773 0.405116
774 0.867589
775 0.413562
776 0.873102
777 0.398861
778 0.863175
779 0.425174
780 0.879844
781 0.380587
782 0.848666
783 0.462355
784 0.894898
785 0.338599
786 0.806219
787 0.562427
788 0.88597
789 0.363697
790 0.833118
791 0.500517
792 0.899999
793 0.324003
794 0.78849
795 0.600385
796 0.863722
797 0.423742
798 0.879065
799 0.382715
800 0.85048
801 0.457791
802 0.893586
803 0.342324
804 0.810498
805 0.552928
806 0.889915
807 0.352679
808 0.821867
809 0.527046
810 0.897367
811 0.331559
812 0.797859
813 0.580608
814 0.876609
815 0.389397
816 0.855961
817 0.44385
818 0.88865
819 0.356225
820 0.825583
821 0.518384
822 0.898783
823 0.327499
824 0.792876
825 0.591206
826 0.870053
827 0.407018
828 0.868875
829 0.410151
830 0.870938
831 0.404658
832 0.867275
833 0.414391
834 0.873616
835 0.397479
836 0.862162
837 0.427818
838 0.881243
839 0.376753
840 0.845316
841 0.470724
842 0.896915
843 0.332852
844 0.799422
845 0.577248
846 0.878518
847 0.384208
848 0.851732
849 0.454625
850 0.892588
851 0.345149
852 0.813676
853 0.545787
854 0.892453
855 0.345531
856 0.814102
857 0.544824
858 0.892767
859 0.344643
860 0.813111
861 0.547061
862 0.892027
863 0.346733
864 0.815434
865 0.541806
866 0.893708
867 0.341978
868 0.810105
869 0.553807
870 0.889577
871 0.353626
872 0.822869
873 0.524721
874 0.8978
875 0.330319
876 0.79635
877 0.583836
878 0.874697
879 0.394567
880 0.859982
881 0.433487
882 0.884074
883 0.368954
884 0.838177
885 0.48829
886 0.899506
887 0.325421
888 0.790279
889 0.596656
890 0.866367
891 0.41679
892 0.875074
893 0.39355
894 0.859207
895 0.435494
896 0.885021
897 0.366333
898 0.835679
899 0.49435
900 0.899885
901 0.324331
902 0.788905
903 0.599521
904 0.864344
905 0.422113
906 0.878161
907 0.38518
908 0.852539
909 0.452579
910 0.891905
911 0.347079
912 0.815815
913 0.54094
914 0.893966
915 0.341247
916 0.809271
917 0.555666
918 0.888845
919 0.355679
920 0.825017
921 0.519709
922 0.898602
923 0.32802
924 0.793523
925 0.58984
926 0.870944
927 0.404642
928 0.867265
929 0.414419
930 0.873633
931 0.397433
932 0.862128
933 0.427908
934 0.88129
935 0.376625
936 0.845203
937 0.471005
938 0.896973
939 0.332684
940 0.799219
941 0.577685
942 0.878274
943 0.384872
944 0.852284
945 0.453226
946 0.892124
947 0.34646
948 0.815131
949 0.542492
950 0.8935
951 0.342568
952 0.810775
953 0.552308
954 0.89015
955 0.352019
956 0.821166
957 0.52867
958 0.897041
959 0.33249
960 0.798986
961 0.578187
962 0.877993
963 0.385638
964 0.852917
965 0.45162
966 0.891574
967 0.348012
968 0.816839
969 0.538607
970 0.894634
971 0.33935
972 0.807089
973 0.560506
974 0.88682
975 0.361332
976 0.830776
977 0.506114
978 0.899865
979 0.324388
980 0.788977
981 0.599372
982 0.86445
983 0.421833
984 0.878004
985 0.385607
986 0.852891
987 0.451684
988 0.891596
989 0.34795
990 0.81677
991 0.538763
992 0.894591
993 0.339474
994 0.807233
995 0.560189
996 0.886958
997 0.360948
998 0.830392
999 0.507027
1000 0.899822
