1 0.6
2 0.72
3 0.6048
4 0.717051
5 0.608667
6 0.714575
7 0.611873
8 0.712453
9 0.614591
10 0.710607
11 0.616934
12 0.708979
13 0.618983
14 0.707529
15 0.620795
16 0.706226
17 0.622413
18 0.705045
19 0.62387
20 0.703969
21 0.62519
22 0.702982
23 0.626394
24 0.702073
25 0.627499
26 0.701232
27 0.628517
28 0.70045
29 0.629459
30 0.699721
31 0.630335
32 0.699039
33 0.631151
34 0.698398
35 0.631914
36 0.697796
37 0.63263
38 0.697228
39 0.633304
40 0.69669
41 0.633939
42 0.696181
43 0.634539
44 0.695698
45 0.635107
46 0.695238
47 0.635646
48 0.6948
49 0.636158
50 0.694383
51 0.636646
52 0.693984
53 0.637111
54 0.693602
55 0.637555
56 0.693236
57 0.63798
58 0.692885
59 0.638387
60 0.692547
61 0.638776
62 0.692223
63 0.639151
64 0.691911
65 0.63951
66 0.691611
67 0.639856
68 0.691321
69 0.640189
70 0.691041
71 0.64051
72 0.690771
73 0.640819
74 0.69051
75 0.641118
76 0.690257
77 0.641407
78 0.690012
79 0.641686
80 0.689775
81 0.641956
82 0.689546
83 0.642217
84 0.689323
85 0.642471
86 0.689106
87 0.642717
88 0.688896
89 0.642955
90 0.688692
91 0.643186
92 0.688493
93 0.643411
94 0.6883
95 0.64363
96 0.688112
97 0.643842
98 0.687928
99 0.644049
100 0.68775
101 0.64425
102 0.687576
103 0.644446
104 0.687406
105 0.644637
106 0.68724
107 0.644823
108 0.687079
109 0.645004
110 0.686921
111 0.645182
112 0.686767
113 0.645354
114 0.686616
115 0.645523
116 0.686469
117 0.645688
118 0.686325
119 0.645849
120 0.686185
121 0.646006
122 0.686047
123 0.64616
124 0.685912
125 0.64631
126 0.68578
127 0.646457
128 0.685651
129 0.646602
130 0.685524
131 0.646743
132 0.6854
133 0.646881
134 0.685278
135 0.647016
136 0.685159
137 0.647149
138 0.685042
139 0.647278
140 0.684927
141 0.647406
142 0.684815
143 0.647531
144 0.684704
145 0.647653
146 0.684596
147 0.647773
148 0.684489
149 0.647891
150 0.684384
151 0.648007
152 0.684282
153 0.648121
154 0.684181
155 0.648232
156 0.684081
157 0.648342
158 0.683984
159 0.64845
160 0.683888
161 0.648556
162 0.683794
163 0.64866
164 0.683701
165 0.648762
166 0.68361
167 0.648862
168 0.68352
169 0.648961
170 0.683432
171 0.649059
172 0.683345
173 0.649154
174 0.683259
175 0.649248
176 0.683175
177 0.649341
178 0.683092
179 0.649432
180 0.68301
181 0.649522
182 0.68293
183 0.64961
184 0.68285
185 0.649697
186 0.682772
187 0.649783
188 0.682695
189 0.649868
190 0.682619
191 0.649951
192 0.682544
193 0.650033
194 0.682471
195 0.650113
196 0.682398
197 0.650193
198 0.682326
199 0.650272
200 0.682255
201 0.650349
202 0.682186
203 0.650425
204 0.682117
205 0.6505
206 0.682049
207 0.650575
208 0.681982
209 0.650648
210 0.681916
211 0.65072
212 0.68185
213 0.650791
214 0.681786
215 0.650862
216 0.681722
217 0.650931
218 0.681659
219 0.651
220 0.681597
221 0.651067
222 0.681536
223 0.651134
224 0.681476
225 0.6512
226 0.681416
227 0.651265
228 0.681357
229 0.651329
230 0.681299
231 0.651392
232 0.681241
233 0.651455
234 0.681184
235 0.651517
236 0.681128
237 0.651578
238 0.681072
239 0.651639
240 0.681017
241 0.651698
242 0.680963
243 0.651757
244 0.680909
245 0.651816
246 0.680856
247 0.651873
248 0.680803
249 0.65193
250 0.680752
251 0.651987
252 0.6807
253 0.652042
254 0.680649
255 0.652097
256 0.680599
257 0.652152
258 0.680549
259 0.652206
260 0.6805
261 0.652259
262 0.680452
263 0.652312
264 0.680404
265 0.652364
266 0.680356
267 0.652415
268 0.680309
269 0.652466
270 0.680262
271 0.652517
272 0.680216
273 0.652567
274 0.68017
275 0.652616
276 0.680125
277 0.652665
278 0.68008
279 0.652713
280 0.680036
281 0.652761
282 0.679992
283 0.652809
284 0.679949
285 0.652855
286 0.679906
287 0.652902
288 0.679863
289 0.652948
290 0.679821
291 0.652993
292 0.679779
293 0.653038
294 0.679738
295 0.653083
296 0.679697
297 0.653127
298 0.679656
299 0.653171
300 0.679616
301 0.653214
302 0.679576
303 0.653257
304 0.679537
305 0.6533
306 0.679497
307 0.653342
308 0.679459
309 0.653384
310 0.67942
311 0.653425
312 0.679382
313 0.653466
314 0.679345
315 0.653507
316 0.679307
317 0.653547
318 0.67927
319 0.653587
320 0.679233
321 0.653626
322 0.679197
323 0.653665
324 0.679161
325 0.653704
326 0.679125
327 0.653743
328 0.67909
329 0.653781
330 0.679055
331 0.653818
332 0.67902
333 0.653856
334 0.678985
335 0.653893
336 0.678951
337 0.65393
338 0.678917
339 0.653966
340 0.678883
341 0.654002
342 0.67885
343 0.654038
344 0.678817
345 0.654074
346 0.678784
347 0.654109
348 0.678751
349 0.654144
350 0.678719
351 0.654179
352 0.678687
353 0.654213
354 0.678655
355 0.654247
356 0.678623
357 0.654281
358 0.678592
359 0.654315
360 0.678561
361 0.654348
362 0.67853
363 0.654381
364 0.6785
365 0.654414
366 0.678469
367 0.654446
368 0.678439
369 0.654478
370 0.678409
371 0.65451
372 0.67838
373 0.654542
374 0.67835
375 0.654574
376 0.678321
377 0.654605
378 0.678292
379 0.654636
380 0.678263
381 0.654667
382 0.678235
383 0.654697
384 0.678206
385 0.654728
386 0.678178
387 0.654758
388 0.67815
389 0.654788
390 0.678122
391 0.654817
392 0.678095
393 0.654847
394 0.678068
395 0.654876
396 0.67804
397 0.654905
398 0.678013
399 0.654934
400 0.677987
401 0.654962
402 0.67796
403 0.654991
404 0.677934
405 0.655019
406 0.677908
407 0.655047
408 0.677882
409 0.655074
410 0.677856
411 0.655102
412 0.67783
413 0.655129
414 0.677805
415 0.655156
416 0.677779
417 0.655183
418 0.677754
419 0.65521
420 0.677729
421 0.655237
422 0.677705
423 0.655263
424 0.67768
425 0.655289
426 0.677656
427 0.655316
428 0.677631
429 0.655341
430 0.677607
431 0.655367
432 0.677583
433 0.655393
434 0.677559
435 0.655418
436 0.677536
437 0.655443
438 0.677512
439 0.655468
440 0.677489
441 0.655493
442 0.677466
443 0.655518
444 0.677443
445 0.655542
446 0.67742
447 0.655567
448 0.677397
449 0.655591
450 0.677374
451 0.655615
452 0.677352
453 0.655639
454 0.67733
455 0.655663
456 0.677308
457 0.655686
458 0.677286
459 0.65571
460 0.677264
461 0.655733
462 0.677242
463 0.655756
464 0.67722
465 0.655779
466 0.677199
467 0.655802
468 0.677177
469 0.655825
470 0.677156
471 0.655847
472 0.677135
473 0.65587
474 0.677114
475 0.655892
476 0.677093
477 0.655914
478 0.677073
479 0.655936
480 0.677052
481 0.655958
482 0.677031
483 0.65598
484 0.677011
485 0.656001
486 0.676991
487 0.656023
488 0.676971
489 0.656044
490 0.676951
491 0.656065
492 0.676931
493 0.656086
494 0.676911
495 0.656107
496 0.676891
497 0.656128
498 0.676872
499 0.656149
500 0.676852
501 0.65617
502 0.676833
503 0.65619
504 0.676814
505 0.65621
506 0.676795
507 0.656231
508 0.676776
509 0.656251
510 0.676757
511 0.656271
512 0.676738
513 0.656291
514 0.67672
515 0.656311
516 0.676701
517 0.65633
518 0.676683
519 0.65635
520 0.676664
521 0.656369
522 0.676646
523 0.656389
524 0.676628
525 0.656408
526 0.67661
527 0.656427
528 0.676592
529 0.656446
530 0.676574
531 0.656465
532 0.676556
533 0.656484
534 0.676538
535 0.656503
536 0.676521
537 0.656521
538 0.676503
539 0.65654
540 0.676486
541 0.656558
542 0.676469
543 0.656576
544 0.676452
545 0.656595
546 0.676434
547 0.656613
548 0.676417
549 0.656631
550 0.6764
551 0.656649
552 0.676384
553 0.656666
554 0.676367
555 0.656684
556 0.67635
557 0.656702
558 0.676334
559 0.656719
560 0.676317
561 0.656737
562 0.676301
563 0.656754
564 0.676284
565 0.656771
566 0.676268
567 0.656789
568 0.676252
569 0.656806
570 0.676236
571 0.656823
572 0.67622
573 0.65684
574 0.676204
575 0.656856
576 0.676188
577 0.656873
578 0.676172
579 0.65689
580 0.676157
581 0.656906
582 0.676141
583 0.656923
584 0.676126
585 0.656939
586 0.67611
587 0.656956
588 0.676095
589 0.656972
590 0.676079
591 0.656988
592 0.676064
593 0.657004
594 0.676049
595 0.65702
596 0.676034
597 0.657036
598 0.676019
599 0.657052
600 0.676004
601 0.657068
602 0.675989
603 0.657083
604 0.675974
605 0.657099
606 0.67596
607 0.657115
608 0.675945
609 0.65713
610 0.67593
611 0.657145
612 0.675916
613 0.657161
614 0.675902
615 0.657176
616 0.675887
617 0.657191
618 0.675873
619 0.657206
620 0.675859
621 0.657221
622 0.675844
623 0.657236
624 0.67583
625 0.657251
626 0.675816
627 0.657266
628 0.675802
629 0.657281
630 0.675788
631 0.657295
632 0.675775
633 0.65731
634 0.675761
635 0.657324
636 0.675747
637 0.657339
638 0.675733
639 0.657353
640 0.67572
641 0.657368
642 0.675706
643 0.657382
644 0.675693
645 0.657396
646 0.675679
647 0.65741
648 0.675666
649 0.657424
650 0.675653
651 0.657438
652 0.675639
653 0.657452
654 0.675626
655 0.657466
656 0.675613
657 0.65748
658 0.6756
659 0.657494
660 0.675587
661 0.657508
662 0.675574
663 0.657521
664 0.675561
665 0.657535
666 0.675548
667 0.657548
668 0.675536
669 0.657562
670 0.675523
671 0.657575
672 0.67551
673 0.657588
674 0.675498
675 0.657602
676 0.675485
677 0.657615
678 0.675473
679 0.657628
680 0.67546
681 0.657641
682 0.675448
683 0.657654
684 0.675435
685 0.657667
686 0.675423
687 0.65768
688 0.675411
689 0.657693
690 0.675399
691 0.657706
692 0.675387
693 0.657719
694 0.675374
695 0.657731
696 0.675362
697 0.657744
698 0.67535
699 0.657757
700 0.675338
701 0.657769
702 0.675327
703 0.657782
704 0.675315
705 0.657794
706 0.675303
707 0.657807
708 0.675291
709 0.657819
710 0.675279
711 0.657831
712 0.675268
713 0.657844
714 0.675256
715 0.657856
716 0.675245
717 0.657868
718 0.675233
719 0.65788
720 0.675222
721 0.657892
722 0.67521
723 0.657904
724 0.675199
725 0.657916
726 0.675188
727 0.657928
728 0.675176
729 0.65794
730 0.675165
731 0.657952
732 0.675154
733 0.657963
734 0.675143
735 0.657975
736 0.675132
737 0.657987
738 0.675121
739 0.657998
740 0.67511
741 0.65801
742 0.675099
743 0.658021
744 0.675088
745 0.658033
746 0.675077
747 0.658044
748 0.675066
749 0.658056
750 0.675055
751 0.658067
752 0.675044
753 0.658078
754 0.675034
755 0.65809
756 0.675023
757 0.658101
758 0.675012
759 0.658112
760 0.675002
761 0.658123
762 0.674991
763 0.658134
764 0.674981
765 0.658145
766 0.67497
767 0.658156
768 0.67496
769 0.658167
770 0.674949
771 0.658178
772 0.674939
773 0.658189
774 0.674929
775 0.6582
776 0.674918
777 0.658211
778 0.674908
779 0.658221
780 0.674898
781 0.658232
782 0.674888
783 0.658243
784 0.674878
785 0.658253
786 0.674868
787 0.658264
788 0.674858
789 0.658274
790 0.674848
791 0.658285
792 0.674838
793 0.658295
794 0.674828
795 0.658306
796 0.674818
797 0.658316
798 0.674808
799 0.658327
800 0.674798
801 0.658337
802 0.674788
803 0.658347
804 0.674779
805 0.658357
806 0.674769
807 0.658368
808 0.674759
809 0.658378
810 0.674749
811 0.658388
812 0.67474
813 0.658398
814 0.67473
815 0.658408
816 0.674721
817 0.658418
818 0.674711
819 0.658428
820 0.674702
821 0.658438
822 0.674692
823 0.658448
824 0.674683
825 0.658458
826 0.674673
827 0.658468
828 0.674664
829 0.658477
830 0.674655
831 0.658487
832 0.674645
833 0.658497
834 0.674636
835 0.658507
836 0.674627
837 0.658516
838 0.674618
839 0.658526
840 0.674609
841 0.658535
842 0.6746
843 0.658545
844 0.67459
845 0.658555
846 0.674581
847 0.658564
848 0.674572
849 0.658573
850 0.674563
851 0.658583
852 0.674554
853 0.658592
854 0.674545
855 0.658602
856 0.674537
857 0.658611
858 0.674528
859 0.65862
860 0.674519
861 0.65863
862 0.67451
863 0.658639
864 0.674501
865 0.658648
866 0.674492
867 0.658657
868 0.674484
869 0.658666
870 0.674475
871 0.658675
872 0.674466
873 0.658684
874 0.674458
875 0.658694
876 0.674449
877 0.658703
878 0.674441
879 0.658712
880 0.674432
881 0.65872
882 0.674423
883 0.658729
884 0.674415
885 0.658738
886 0.674406
887 0.658747
888 0.674398
889 0.658756
890 0.67439
891 0.658765
892 0.674381
893 0.658774
894 0.674373
895 0.658782
896 0.674365
897 0.658791
898 0.674356
899 0.6588
900 0.674348
901 0.658808
902 0.67434
903 0.658817
904 0.674331
905 0.658826
906 0.674323
907 0.658834
908 0.674315
909 0.658843
910 0.674307
911 0.658851
912 0.674299
913 0.65886
914 0.674291
915 0.658868
916 0.674283
917 0.658877
918 0.674275
919 0.658885
920 0.674267
921 0.658893
922 0.674259
923 0.658902
924 0.674251
925 0.65891
926 0.674243
927 0.658918
928 0.674235
929 0.658927
930 0.674227
931 0.658935
932 0.674219
933 0.658943
934 0.674211
935 0.658951
936 0.674203
937 0.65896
938 0.674196
939 0.658968
940 0.674188
941 0.658976
942 0.67418
943 0.658984
944 0.674172
945 0.658992
946 0.674165
947 0.659
948 0.674157
949 0.659008
950 0.674149
951 0.659016
952 0.674142
953 0.659024
954 0.674134
955 0.659032
956 0.674127
957 0.65904
958 0.674119
959 0.659048
960 0.674111
961 0.659056
962 0.674104
963 0.659063
964 0.674096
965 0.659071
966 0.674089
967 0.659079
968 0.674082
969 0.659087
970 0.674074
971 0.659095
972 0.674067
973 0.659102
974 0.674059
975 0.65911
976 0.674052
977 0.659118
978 0.674045
979 0.659125
980 0.674037
981 0.659133
982 0.67403
983 0.659141
984 0.674023
985 0.659148
986 0.674016
987 0.659156
988 0.674008
989 0.659163
990 0.674001
991 0.659171
992 0.673994
993 0.659178
994 0.673987
995 0.659186
996 0.67398
997 0.659193
998 0.673973
999 0.659201
1000 0.673965
