1 0.6
2 0.828
3 0.491335
4 0.862241
5 0.409796
6 0.834428
7 0.476644
8 0.860618
9 0.413843
10 0.836891
11 0.470941
12 0.859587
13 0.416406
14 0.838392
15 0.467444
16 0.858843
17 0.418248
18 0.839442
19 0.464987
20 0.858271
21 0.419665
22 0.840235
23 0.463129
24 0.85781
25 0.420804
26 0.840862
27 0.461656
28 0.857428
29 0.421747
30 0.841374
31 0.460451
32 0.857104
33 0.422546
34 0.841803
35 0.459439
36 0.856824
37 0.423234
38 0.842169
39 0.458575
40 0.85658
41 0.423836
42 0.842486
43 0.457825
44 0.856363
45 0.424367
46 0.842765
47 0.457167
48 0.85617
49 0.424842
50 0.843012
51 0.456583
52 0.855996
53 0.425269
54 0.843233
55 0.456059
56 0.855839
57 0.425657
58 0.843432
59 0.455588
60 0.855695
61 0.42601
62 0.843613
63 0.45516
64 0.855563
65 0.426333
66 0.843777
67 0.454769
68 0.855442
69 0.426631
70 0.843929
71 0.45441
72 0.855329
73 0.426906
74 0.844068
75 0.45408
76 0.855225
77 0.427162
78 0.844196
79 0.453774
80 0.855128
81 0.4274
82 0.844316
83 0.45349
84 0.855037
85 0.427623
86 0.844427
87 0.453226
88 0.854952
89 0.427831
90 0.844531
91 0.452979
92 0.854872
93 0.428027
94 0.844629
95 0.452747
96 0.854797
97 0.428211
98 0.84472
99 0.45253
100 0.854726
101 0.428385
102 0.844806
103 0.452325
104 0.854659
105 0.42855
106 0.844887
107 0.452132
108 0.854595
109 0.428705
110 0.844964
111 0.45195
112 0.854534
113 0.428853
114 0.845037
115 0.451777
116 0.854477
117 0.428994
118 0.845106
119 0.451613
120 0.854422
121 0.429128
122 0.845171
123 0.451457
124 0.85437
125 0.429255
126 0.845233
127 0.451308
128 0.85432
129 0.429377
130 0.845293
131 0.451167
132 0.854273
133 0.429493
134 0.845349
135 0.451032
136 0.854227
137 0.429604
138 0.845403
139 0.450903
140 0.854184
141 0.429711
142 0.845455
143 0.45078
144 0.854142
145 0.429813
146 0.845505
147 0.450662
148 0.854102
149 0.429911
150 0.845552
151 0.450548
152 0.854063
153 0.430005
154 0.845598
155 0.45044
156 0.854026
157 0.430096
158 0.845641
159 0.450336
160 0.85399
161 0.430183
162 0.845683
163 0.450235
164 0.853956
165 0.430267
166 0.845724
167 0.450139
168 0.853923
169 0.430348
170 0.845763
171 0.450046
172 0.853891
173 0.430426
174 0.8458
175 0.449956
176 0.85386
177 0.430502
178 0.845837
179 0.44987
180 0.85383
181 0.430575
182 0.845871
183 0.449787
184 0.853801
185 0.430645
186 0.845905
187 0.449706
188 0.853773
189 0.430713
190 0.845938
191 0.449628
192 0.853746
193 0.430779
194 0.845969
195 0.449553
196 0.85372
197 0.430843
198 0.846
199 0.44948
200 0.853695
201 0.430905
202 0.846029
203 0.44941
204 0.85367
205 0.430965
206 0.846058
207 0.449342
208 0.853646
209 0.431023
210 0.846086
211 0.449275
212 0.853623
213 0.43108
214 0.846112
215 0.449211
216 0.853601
217 0.431134
218 0.846139
219 0.449149
220 0.853579
221 0.431188
222 0.846164
223 0.449089
224 0.853558
225 0.431239
226 0.846188
227 0.44903
228 0.853537
229 0.43129
230 0.846212
231 0.448973
232 0.853517
233 0.431339
234 0.846235
235 0.448918
236 0.853498
237 0.431386
238 0.846258
239 0.448864
240 0.853479
241 0.431432
242 0.84628
243 0.448812
244 0.85346
245 0.431478
246 0.846301
247 0.448761
248 0.853442
249 0.431521
250 0.846322
251 0.448711
252 0.853425
253 0.431564
254 0.846342
255 0.448663
256 0.853407
257 0.431606
258 0.846362
259 0.448616
260 0.853391
261 0.431647
262 0.846381
263 0.44857
264 0.853375
265 0.431686
266 0.8464
267 0.448525
268 0.853359
269 0.431725
270 0.846418
271 0.448482
272 0.853343
273 0.431763
274 0.846436
275 0.448439
276 0.853328
277 0.431799
278 0.846453
279 0.448398
280 0.853313
281 0.431835
282 0.84647
283 0.448357
284 0.853299
285 0.43187
286 0.846486
287 0.448318
288 0.853285
289 0.431905
290 0.846502
291 0.448279
292 0.853271
293 0.431938
294 0.846518
295 0.448242
296 0.853258
297 0.431971
298 0.846534
299 0.448205
300 0.853245
301 0.432003
302 0.846549
303 0.448169
304 0.853232
305 0.432034
306 0.846563
307 0.448134
308 0.853219
309 0.432065
310 0.846578
311 0.4481
312 0.853207
313 0.432095
314 0.846592
315 0.448066
316 0.853195
317 0.432124
318 0.846605
319 0.448033
320 0.853183
321 0.432153
322 0.846619
323 0.448001
324 0.853172
325 0.432181
326 0.846632
327 0.44797
328 0.85316
329 0.432208
330 0.846645
331 0.447939
332 0.853149
333 0.432235
334 0.846657
335 0.447909
336 0.853138
337 0.432262
338 0.84667
339 0.447879
340 0.853128
341 0.432288
342 0.846682
343 0.44785
344 0.853117
345 0.432313
346 0.846694
347 0.447822
348 0.853107
349 0.432338
350 0.846705
351 0.447794
352 0.853097
353 0.432362
354 0.846717
355 0.447767
356 0.853088
357 0.432386
358 0.846728
359 0.447741
360 0.853078
361 0.432409
362 0.846739
363 0.447715
364 0.853069
365 0.432432
366 0.846749
367 0.447689
368 0.853059
369 0.432454
370 0.84676
371 0.447664
372 0.85305
373 0.432476
374 0.84677
375 0.44764
376 0.853041
377 0.432498
378 0.84678
379 0.447615
380 0.853033
381 0.432519
382 0.84679
383 0.447592
384 0.853024
385 0.43254
386 0.8468
387 0.447569
388 0.853016
389 0.432561
390 0.846809
391 0.447546
392 0.853008
393 0.432581
394 0.846818
395 0.447524
396 0.852999
397 0.4326
398 0.846828
399 0.447502
400 0.852992
401 0.43262
402 0.846837
403 0.44748
404 0.852984
405 0.432639
406 0.846845
407 0.447459
408 0.852976
409 0.432657
410 0.846854
411 0.447438
412 0.852969
413 0.432676
414 0.846863
415 0.447418
416 0.852961
417 0.432694
418 0.846871
419 0.447398
420 0.852954
421 0.432711
422 0.846879
423 0.447378
424 0.852947
425 0.432729
426 0.846887
427 0.447359
428 0.85294
429 0.432746
430 0.846895
431 0.44734
432 0.852933
433 0.432762
434 0.846903
435 0.447321
436 0.852926
437 0.432779
438 0.846911
439 0.447303
440 0.852919
441 0.432795
442 0.846918
443 0.447285
444 0.852913
445 0.432811
446 0.846925
447 0.447267
448 0.852907
449 0.432827
450 0.846933
451 0.44725
452 0.8529
453 0.432842
454 0.84694
455 0.447233
456 0.852894
457 0.432857
458 0.846947
459 0.447216
460 0.852888
461 0.432872
462 0.846954
463 0.4472
464 0.852882
465 0.432887
466 0.846961
467 0.447183
468 0.852876
469 0.432901
470 0.846967
471 0.447167
472 0.85287
473 0.432915
474 0.846974
475 0.447152
476 0.852864
477 0.432929
478 0.84698
479 0.447136
480 0.852859
481 0.432943
482 0.846987
483 0.447121
484 0.852853
485 0.432956
486 0.846993
487 0.447106
488 0.852848
489 0.43297
490 0.846999
491 0.447091
492 0.852842
493 0.432983
494 0.847005
495 0.447077
496 0.852837
497 0.432996
498 0.847011
499 0.447063
500 0.852832
501 0.433008
502 0.847017
503 0.447049
504 0.852827
505 0.433021
506 0.847023
507 0.447035
508 0.852822
509 0.433033
510 0.847028
511 0.447021
512 0.852817
513 0.433045
514 0.847034
515 0.447008
516 0.852812
517 0.433057
518 0.847039
519 0.446995
520 0.852807
521 0.433069
522 0.847045
523 0.446982
524 0.852802
525 0.43308
526 0.84705
527 0.446969
528 0.852798
529 0.433092
530 0.847055
531 0.446956
532 0.852793
533 0.433103
534 0.847061
535 0.446944
536 0.852788
537 0.433114
538 0.847066
539 0.446932
540 0.852784
541 0.433125
542 0.847071
543 0.44692
544 0.85278
545 0.433136
546 0.847076
547 0.446908
548 0.852775
549 0.433146
550 0.84708
551 0.446896
552 0.852771
553 0.433157
554 0.847085
555 0.446885
556 0.852767
557 0.433167
558 0.84709
559 0.446873
560 0.852763
561 0.433177
562 0.847095
563 0.446862
564 0.852759
565 0.433187
566 0.847099
567 0.446851
568 0.852755
569 0.433197
570 0.847104
571 0.446841
572 0.852751
573 0.433206
574 0.847108
575 0.44683
576 0.852747
577 0.433216
578 0.847113
579 0.446819
580 0.852743
581 0.433225
582 0.847117
583 0.446809
584 0.852739
585 0.433234
586 0.847121
587 0.446799
588 0.852735
589 0.433244
590 0.847125
591 0.446789
592 0.852732
593 0.433253
594 0.84713
595 0.446779
596 0.852728
597 0.433261
598 0.847134
599 0.446769
600 0.852724
601 0.43327
602 0.847138
603 0.446759
604 0.852721
605 0.433279
606 0.847142
607 0.44675
608 0.852717
609 0.433287
610 0.847145
611 0.446741
612 0.852714
613 0.433296
614 0.847149
615 0.446731
616 0.85271
617 0.433304
618 0.847153
619 0.446722
620 0.852707
621 0.433312
622 0.847157
623 0.446713
624 0.852704
625 0.43332
626 0.847161
627 0.446704
628 0.852701
629 0.433328
630 0.847164
631 0.446696
632 0.852697
633 0.433336
634 0.847168
635 0.446687
636 0.852694
637 0.433344
638 0.847171
639 0.446678
640 0.852691
641 0.433351
642 0.847175
643 0.44667
644 0.852688
645 0.433359
646 0.847178
647 0.446662
648 0.852685
649 0.433366
650 0.847182
651 0.446654
652 0.852682
653 0.433373
654 0.847185
655 0.446646
656 0.852679
657 0.433381
658 0.847188
659 0.446638
660 0.852676
661 0.433388
662 0.847192
663 0.44663
664 0.852673
665 0.433395
666 0.847195
667 0.446622
668 0.85267
669 0.433402
670 0.847198
671 0.446615
672 0.852667
673 0.433409
674 0.847201
675 0.446607
676 0.852665
677 0.433415
678 0.847204
679 0.4466
680 0.852662
681 0.433422
682 0.847207
683 0.446592
684 0.852659
685 0.433428
686 0.84721
687 0.446585
688 0.852657
689 0.433435
690 0.847213
691 0.446578
692 0.852654
693 0.433441
694 0.847216
695 0.446571
696 0.852651
697 0.433448
698 0.847219
699 0.446564
700 0.852649
701 0.433454
702 0.847222
703 0.446557
704 0.852646
705 0.43346
706 0.847225
707 0.44655
708 0.852644
709 0.433466
710 0.847228
711 0.446544
712 0.852641
713 0.433472
714 0.84723
715 0.446537
716 0.852639
717 0.433478
718 0.847233
719 0.446531
720 0.852637
721 0.433484
722 0.847236
723 0.446524
724 0.852634
725 0.43349
726 0.847238
727 0.446518
728 0.852632
729 0.433495
730 0.847241
731 0.446512
732 0.852629
733 0.433501
734 0.847244
735 0.446505
736 0.852627
737 0.433506
738 0.847246
739 0.446499
740 0.852625
741 0.433512
742 0.847249
743 0.446493
744 0.852623
745 0.433517
746 0.847251
747 0.446487
748 0.852621
749 0.433523
750 0.847254
751 0.446481
752 0.852618
753 0.433528
754 0.847256
755 0.446476
756 0.852616
757 0.433533
758 0.847258
759 0.44647
760 0.852614
761 0.433538
762 0.847261
763 0.446464
764 0.852612
765 0.433543
766 0.847263
767 0.446459
768 0.85261
769 0.433548
770 0.847265
771 0.446453
772 0.852608
773 0.433553
774 0.847268
775 0.446448
776 0.852606
777 0.433558
778 0.84727
779 0.446442
780 0.852604
781 0.433563
782 0.847272
783 0.446437
784 0.852602
785 0.433568
786 0.847274
787 0.446432
788 0.8526
789 0.433573
790 0.847277
791 0.446427
792 0.852598
793 0.433577
794 0.847279
795 0.446421
796 0.852596
797 0.433582
798 0.847281
799 0.446416
800 0.852594
801 0.433586
802 0.847283
803 0.446411
804 0.852593
805 0.433591
806 0.847285
807 0.446407
808 0.852591
809 0.433595
810 0.847287
811 0.446402
812 0.852589
813 0.4336
814 0.847289
815 0.446397
816 0.852587
817 0.433604
818 0.847291
819 0.446392
820 0.852585
821 0.433608
822 0.847293
823 0.446387
824 0.852584
825 0.433613
826 0.847295
827 0.446383
828 0.852582
829 0.433617
830 0.847297
831 0.446378
832 0.85258
833 0.433621
834 0.847299
835 0.446374
836 0.852579
837 0.433625
838 0.8473
839 0.446369
840 0.852577
841 0.433629
842 0.847302
843 0.446365
844 0.852575
845 0.433633
846 0.847304
847 0.44636
848 0.852574
849 0.433637
850 0.847306
851 0.446356
852 0.852572
853 0.433641
854 0.847308
855 0.446352
856 0.85257
857 0.433645
858 0.847309
859 0.446348
860 0.852569
861 0.433648
862 0.847311
863 0.446343
864 0.852567
865 0.433652
866 0.847313
867 0.446339
868 0.852566
869 0.433656
870 0.847315
871 0.446335
872 0.852564
873 0.433659
874 0.847316
875 0.446331
876 0.852563
877 0.433663
878 0.847318
879 0.446327
880 0.852561
881 0.433667
882 0.84732
883 0.446323
884 0.85256
885 0.43367
886 0.847321
887 0.44632
888 0.852559
889 0.433674
890 0.847323
891 0.446316
892 0.852557
893 0.433677
894 0.847324
895 0.446312
896 0.852556
897 0.43368
898 0.847326
899 0.446308
900 0.852554
901 0.433684
902 0.847327
903 0.446304
904 0.852553
905 0.433687
906 0.847329
907 0.446301
908 0.852552
909 0.43369
910 0.847331
911 0.446297
912 0.85255
913 0.433694
914 0.847332
915 0.446294
916 0.852549
917 0.433697
918 0.847333
919 0.44629
920 0.852548
921 0.4337
922 0.847335
923 0.446287
924 0.852546
925 0.433703
926 0.847336
927 0.446283
928 0.852545
929 0.433706
930 0.847338
931 0.44628
932 0.852544
933 0.433709
934 0.847339
935 0.446276
936 0.852543
937 0.433712
938 0.847341
939 0.446273
940 0.852541
941 0.433715
942 0.847342
943 0.44627
944 0.85254
945 0.433718
946 0.847343
947 0.446267
948 0.852539
949 0.433721
950 0.847345
951 0.446263
952 0.852538
953 0.433724
954 0.847346
955 0.44626
956 0.852537
957 0.433727
958 0.847347
959 0.446257
960 0.852535
961 0.43373
962 0.847349
963 0.446254
964 0.852534
965 0.433733
966 0.84735
967 0.446251
968 0.852533
969 0.433735
970 0.847351
971 0.446248
972 0.852532
973 0.433738
974 0.847352
975 0.446245
976 0.852531
977 0.433741
978 0.847354
979 0.446242
980 0.85253
981 0.433744
982 0.847355
983 0.446239
984 0.852529
985 0.433746
986 0.847356
987 0.446236
988 0.852528
989 0.433749
990 0.847357
991 0.446233
992 0.852527
993 0.433751
994 0.847358
995 0.44623
996 0.852525
997 0.433754
998 0.84736
999 0.446228
1000 0.852524
