1 0.6
2 0.888
3 0.367987
4 0.860519
5 0.444097
6 0.913437
7 0.292558
8 0.765781
9 0.663633
10 0.82593
11 0.531948
12 0.921223
13 0.268512
14 0.726729
15 0.734797
16 0.72102
17 0.744256
18 0.704255
19 0.770636
20 0.653997
21 0.837254
22 0.504162
23 0.924936
24 0.256889
25 0.706319
26 0.7675
27 0.660242
28 0.829993
29 0.522086
30 0.923195
31 0.262352
32 0.716036
33 0.752315
34 0.689448
35 0.792205
36 0.609081
37 0.880975
38 0.387975
39 0.878566
40 0.394744
41 0.884008
42 0.379389
43 0.871176
44 0.415244
45 0.898421
46 0.337665
47 0.827495
48 0.528164
49 0.922065
50 0.265886
51 0.722205
52 0.742312
53 0.707755
54 0.765301
55 0.664578
56 0.824782
57 0.534711
58 0.920542
59 0.270634
60 0.730347
61 0.728678
62 0.731513
63 0.726687
64 0.734869
65 0.720895
66 0.744459
67 0.703887
68 0.771191
69 0.652884
70 0.838518
71 0.501001
72 0.924996
73 0.256699
74 0.705977
75 0.768021
76 0.659209
77 0.831214
78 0.5191
79 0.92365
80 0.260926
81 0.713521
82 0.756313
83 0.681924
84 0.802544
85 0.586329
86 0.897425
87 0.340597
88 0.830986
89 0.519659
90 0.92357
91 0.261177
92 0.713965
93 0.75561
94 0.683256
95 0.800744
96 0.590346
97 0.894799
98 0.348295
99 0.839846
100 0.497666
101 0.92498
102 0.256751
103 0.706071
104 0.767879
105 0.659491
106 0.830882
107 0.519913
108 0.923533
109 0.261294
110 0.714171
111 0.755284
112 0.683872
113 0.799907
114 0.592206
115 0.893543
116 0.351959
117 0.843911
118 0.487384
119 0.924411
120 0.258538
121 0.709276
122 0.762953
123 0.669167
124 0.819116
125 0.548211
126 0.9164
127 0.28346
128 0.751509
129 0.69095
130 0.79009
131 0.613636
132 0.877222
133 0.398505
134 0.886885
135 0.371184
136 0.863604
137 0.435832
138 0.909765
139 0.303742
140 0.782486
141 0.629745
142 0.862715
143 0.43822
144 0.910878
145 0.300363
146 0.777537
147 0.640002
148 0.852478
149 0.465308
150 0.920547
151 0.270619
152 0.730322
153 0.728722
154 0.731439
155 0.726814
156 0.734655
157 0.721267
158 0.743852
159 0.704984
160 0.769532
161 0.656204
162 0.834721
163 0.51046
164 0.924595
165 0.25796
166 0.708242
167 0.764551
168 0.666047
169 0.822985
170 0.539018
171 0.919367
172 0.274285
173 0.736496
174 0.718058
175 0.749068
176 0.695471
177 0.783627
178 0.627357
179 0.864987
180 0.432103
181 0.907943
182 0.309255
183 0.79038
184 0.613014
185 0.877743
186 0.397048
187 0.885783
188 0.374334
189 0.86657
190 0.427819
191 0.905723
192 0.31594
193 0.799651
194 0.592775
195 0.893154
196 0.353092
197 0.845147
198 0.484233
199 0.92408
200 0.259577
201 0.711129
202 0.760071
203 0.674743
204 0.81202
205 0.564781
206 0.909473
207 0.304628
208 0.783771
209 0.627054
210 0.865272
211 0.431333
212 0.907554
213 0.310429
214 0.792032
215 0.609453
216 0.880674
217 0.388823
218 0.879267
219 0.39278
220 0.882464
221 0.383769
222 0.875014
223 0.404649
224 0.89136
225 0.358298
226 0.850706
227 0.469919
228 0.921652
229 0.267175
230 0.724433
231 0.738631
232 0.714305
233 0.755071
234 0.684273
235 0.799361
236 0.593417
237 0.892711
238 0.354378
239 0.846539
240 0.480669
241 0.923617
242 0.261029
243 0.713703
244 0.756025
245 0.68247
246 0.801807
247 0.587976
248 0.896363
249 0.343716
250 0.834629
251 0.510686
252 0.924577
253 0.258016
254 0.708341
255 0.764397
256 0.666348
257 0.822615
258 0.539902
259 0.919109
260 0.275086
261 0.737831
262 0.715714
263 0.75283
264 0.688485
265 0.793551
266 0.606162
267 0.883299
268 0.381402
269 0.872957
270 0.410341
271 0.895256
272 0.346958
273 0.838339
274 0.501449
275 0.924992
276 0.256712
277 0.706
278 0.767986
279 0.659279
280 0.831132
281 0.5193
282 0.923622
283 0.261015
284 0.713679
285 0.756063
286 0.682398
287 0.801905
288 0.587758
289 0.896505
290 0.3433
291 0.834147
292 0.511878
293 0.924478
294 0.258328
295 0.708901
296 0.763534
297 0.668035
298 0.820528
299 0.54487
300 0.917551
301 0.27991
302 0.745773
303 0.701504
304 0.774766
305 0.645664
306 0.846493
307 0.480786
308 0.923634
309 0.260976
310 0.713611
311 0.756171
312 0.682193
313 0.802182
314 0.587139
315 0.896905
316 0.342126
317 0.83278
318 0.515252
319 0.924139
320 0.259392
321 0.710798
322 0.760587
323 0.673749
324 0.813302
325 0.561815
326 0.910862
327 0.300412
328 0.777609
329 0.639852
330 0.852633
331 0.464905
332 0.920443
333 0.270943
334 0.730872
335 0.727784
336 0.733024
337 0.72409
338 0.7392
339 0.713298
340 0.756665
341 0.681255
342 0.803442
343 0.584315
344 0.898697
345 0.336852
346 0.826516
347 0.530533
348 0.921551
349 0.267492
350 0.724978
351 0.737725
352 0.715902
353 0.75253
354 0.689046
355 0.792768
356 0.607862
357 0.881953
358 0.385213
359 0.876249
360 0.401216
361 0.888894
362 0.365416
363 0.857983
364 0.450839
365 0.916058
366 0.284515
367 0.753195
368 0.687801
369 0.794503
370 0.604091
371 0.884911
372 0.376821
373 0.86886
374 0.421586
375 0.90225
376 0.326322
377 0.813393
378 0.561604
379 0.910958
380 0.300119
381 0.777175
382 0.640743
383 0.851708
384 0.467315
385 0.921047
386 0.269061
387 0.727669
388 0.733217
389 0.723756
390 0.739753
391 0.712319
392 0.758206
393 0.67832
394 0.807348
395 0.575488
396 0.903916
397 0.321353
398 0.806916
399 0.576471
400 0.903363
401 0.323003
402 0.809086
403 0.571523
404 0.906072
405 0.31489
406 0.798216
407 0.595948
408 0.890938
409 0.35952
410 0.851982
411 0.466602
412 0.920873
413 0.269604
414 0.728595
415 0.731654
416 0.726445
417 0.735273
418 0.720192
419 0.745607
420 0.701805
421 0.774316
422 0.646577
423 0.845506
424 0.483315
425 0.92397
426 0.259923
427 0.711743
428 0.75911
429 0.67659
430 0.809619
431 0.570303
432 0.906713
433 0.312964
434 0.795565
435 0.601773
436 0.886676
437 0.371782
438 0.864172
439 0.434301
440 0.909029
441 0.305971
442 0.785706
443 0.622977
444 0.869043
445 0.421086
446 0.901958
447 0.327189
448 0.814504
449 0.559022
450 0.912111
451 0.29661
452 0.77194
453 0.65138
454 0.840211
455 0.496749
456 0.924961
457 0.25681
458 0.706178
459 0.767716
460 0.659815
461 0.830499
462 0.52085
463 0.923392
464 0.261736
465 0.714953
466 0.754043
467 0.686211
468 0.796705
469 0.599275
470 0.888534
471 0.366452
472 0.85901
473 0.448114
474 0.915039
475 0.287648
476 0.758155
477 0.678417
478 0.807219
479 0.575782
480 0.903751
481 0.321844
482 0.807564
483 0.574997
484 0.904189
485 0.320535
486 0.805832
487 0.578928
488 0.901951
489 0.327212
490 0.814534
491 0.558952
492 0.912141
493 0.296517
494 0.7718
495 0.651661
496 0.839896
497 0.497541
498 0.924978
499 0.256758
500 0.706083
501 0.76786
502 0.659528
503 0.830838
504 0.520022
505 0.923517
506 0.261344
507 0.714261
508 0.755142
509 0.68414
510 0.799543
511 0.593015
512 0.892989
513 0.353572
514 0.845667
515 0.482902
516 0.923918
517 0.260085
518 0.712031
519 0.758659
520 0.677454
521 0.808488
522 0.572891
523 0.905342
524 0.317083
525 0.801203
526 0.589324
527 0.895479
528 0.346308
529 0.837601
530 0.503294
531 0.92496
532 0.256814
533 0.706184
534 0.767707
535 0.659833
536 0.830478
537 0.520901
538 0.923384
539 0.261761
540 0.714997
541 0.753972
542 0.686343
543 0.796523
544 0.599675
545 0.88824
546 0.367297
547 0.859843
548 0.445899
549 0.914171
550 0.290312
551 0.762315
552 0.670406
553 0.817559
554 0.551879
555 0.915042
556 0.28764
557 0.758142
558 0.678443
559 0.807185
560 0.575858
561 0.903709
562 0.321972
563 0.807732
564 0.574614
565 0.904401
566 0.319901
567 0.804988
568 0.580834
569 0.900824
570 0.330559
571 0.818773
572 0.549021
573 0.916109
574 0.284358
575 0.752945
576 0.68827
577 0.793851
578 0.605511
579 0.883809
580 0.379955
581 0.87168
582 0.41386
583 0.897545
584 0.340243
585 0.830568
586 0.520682
587 0.923417
588 0.261656
589 0.71481
590 0.754269
591 0.685785
592 0.797291
593 0.597988
594 0.889474
595 0.363747
596 0.85631
597 0.455261
598 0.917594
599 0.279776
600 0.745556
601 0.701899
602 0.774176
603 0.646862
604 0.845197
605 0.484105
606 0.924065
607 0.259624
608 0.711212
609 0.75994
610 0.674995
611 0.811695
612 0.565532
613 0.909111
614 0.305726
615 0.785353
616 0.623723
617 0.868362
618 0.422944
619 0.903031
620 0.323995
621 0.810383
622 0.568552
623 0.907612
624 0.310253
625 0.791785
626 0.609988
627 0.88024
628 0.390045
629 0.880267
630 0.38997
631 0.880205
632 0.390142
633 0.880346
634 0.389747
635 0.880024
636 0.390652
637 0.880759
638 0.388583
639 0.879069
640 0.393335
641 0.882903
642 0.382524
643 0.873938
644 0.407631
645 0.893431
646 0.352284
647 0.844266
648 0.48648
649 0.924324
650 0.258813
651 0.709767
652 0.762193
653 0.670644
654 0.817259
655 0.552583
656 0.914769
657 0.288475
658 0.759452
659 0.675933
660 0.810476
661 0.568338
662 0.907721
663 0.309926
664 0.791326
665 0.610978
666 0.87943
667 0.39232
668 0.882099
669 0.384802
670 0.875898
671 0.402191
672 0.889604
673 0.363373
674 0.855932
675 0.456255
676 0.91792
677 0.27877
678 0.743912
679 0.704875
680 0.769697
681 0.655876
682 0.8351
683 0.509519
684 0.924665
685 0.257741
686 0.70785
687 0.765154
688 0.664865
689 0.824432
690 0.535551
691 0.920324
692 0.271314
693 0.7315
694 0.726709
695 0.734832
696 0.72096
697 0.744354
698 0.704076
699 0.770905
700 0.653458
701 0.837867
702 0.502629
703 0.924974
704 0.256768
705 0.706101
706 0.767833
707 0.659583
708 0.830773
709 0.520181
710 0.923493
711 0.261418
712 0.714391
713 0.754935
714 0.68453
715 0.79901
716 0.594195
717 0.892171
718 0.355947
719 0.848221
720 0.476347
721 0.92293
722 0.263182
723 0.717494
724 0.749977
725 0.693793
726 0.786044
727 0.622263
728 0.869692
729 0.419314
730 0.900912
731 0.330298
732 0.818444
733 0.549795
734 0.915826
735 0.285229
736 0.754332
737 0.685667
738 0.797453
739 0.597631
740 0.889732
741 0.363002
742 0.855557
743 0.457244
744 0.918236
745 0.277791
746 0.742305
747 0.707766
748 0.765283
749 0.664613
750 0.824739
751 0.534814
752 0.920516
753 0.270717
754 0.730488
755 0.728439
756 0.731918
757 0.725991
758 0.736034
759 0.718866
760 0.747761
761 0.697873
762 0.780131
763 0.634649
764 0.857918
765 0.451011
766 0.91612
767 0.284322
768 0.752887
769 0.688378
770 0.793701
771 0.605838
772 0.883554
773 0.38068
774 0.872322
775 0.412093
776 0.896408
777 0.343585
778 0.834477
779 0.511063
780 0.924547
781 0.258111
782 0.708512
783 0.764135
784 0.666862
785 0.821981
786 0.541414
787 0.918654
788 0.276496
789 0.74017
790 0.711577
791 0.75937
792 0.676091
793 0.81027
794 0.56881
795 0.907481
796 0.310649
797 0.792341
798 0.608786
799 0.881213
800 0.387304
801 0.878009
802 0.396304
803 0.885215
804 0.375955
805 0.868068
806 0.423746
807 0.903486
808 0.322637
809 0.808607
810 0.572619
811 0.905488
812 0.316644
813 0.800609
814 0.590647
815 0.894597
816 0.348884
817 0.840507
818 0.496004
819 0.924941
820 0.256873
821 0.706291
822 0.767543
823 0.660156
824 0.830095
825 0.521839
826 0.923235
827 0.262226
828 0.715814
829 0.752669
830 0.688786
831 0.793132
832 0.607072
833 0.882582
834 0.383436
835 0.874728
836 0.405443
837 0.891918
838 0.35668
839 0.849
840 0.474337
841 0.922563
842 0.264329
843 0.719499
844 0.746734
845 0.699752
846 0.777366
847 0.640351
848 0.852116
849 0.466254
850 0.920786
851 0.269874
852 0.729055
853 0.730875
854 0.727778
855 0.733034
856 0.724073
857 0.739229
858 0.713248
859 0.756744
860 0.681106
861 0.803643
862 0.583864
863 0.898977
864 0.336024
865 0.825514
866 0.532951
867 0.920983
868 0.269263
869 0.728013
870 0.732637
871 0.724756
872 0.738094
873 0.715252
874 0.753567
875 0.687105
876 0.79547
877 0.601981
878 0.88652
879 0.37223
880 0.864597
881 0.433156
882 0.908468
883 0.307669
884 0.788133
885 0.617824
886 0.873635
887 0.408469
888 0.894002
889 0.350621
890 0.842438
891 0.491124
892 0.924709
893 0.257604
894 0.707603
895 0.765533
896 0.664121
897 0.825338
898 0.533373
899 0.920879
900 0.269585
901 0.728563
902 0.731707
903 0.726353
904 0.735428
905 0.719923
906 0.746045
907 0.701008
908 0.775504
909 0.644161
910 0.848105
911 0.476644
912 0.922982
913 0.26302
914 0.71721
915 0.750433
916 0.692949
917 0.787252
918 0.6197
919 0.871986
920 0.413018
921 0.897006
922 0.341829
923 0.832433
924 0.516107
925 0.92404
926 0.259703
927 0.711352
928 0.759722
929 0.675415
930 0.81115
931 0.566787
932 0.908496
933 0.307585
934 0.788013
935 0.61808
936 0.873411
937 0.409087
938 0.894419
939 0.349404
940 0.841088
941 0.494539
942 0.92489
943 0.257034
944 0.706581
945 0.7671
946 0.661032
947 0.829054
948 0.524377
949 0.922801
950 0.263585
951 0.718199
952 0.748841
953 0.69589
954 0.783021
955 0.628628
956 0.863783
957 0.435349
958 0.909535
959 0.304441
960 0.7835
961 0.627624
962 0.864735
963 0.432782
964 0.908283
965 0.308229
966 0.788929
967 0.616124
968 0.875106
969 0.404392
970 0.891179
971 0.358822
972 0.851255
973 0.468495
974 0.921327
975 0.268188
976 0.726173
977 0.735729
978 0.719398
979 0.746899
980 0.699452
981 0.77781
982 0.639439
983 0.85306
984 0.463791
985 0.920149
986 0.271857
987 0.732418
988 0.725132
989 0.737467
990 0.716355
991 0.751805
992 0.690399
993 0.790868
994 0.611965
995 0.878616
996 0.394603
997 0.883899
998 0.3797
999 0.871454
1000 0.414482
