1 0.6
2 0.24
3 0.1824
4 0.14913
5 0.12689
6 0.110789
7 0.098515
8 0.0888098
9 0.0809226
10 0.0743741
11 0.0688426
12 0.0641033
13 0.0599941
14 0.0563948
15 0.0532144
16 0.0503826
17 0.0478442
18 0.0455552
19 0.0434799
20 0.0415894
21 0.0398597
22 0.0382709
23 0.0368063
24 0.0354516
25 0.0341947
26 0.0330255
27 0.0319348
28 0.0309149
29 0.0299592
30 0.0290617
31 0.0282171
32 0.0274209
33 0.026669
34 0.0259577
35 0.0252839
36 0.0246447
37 0.0240373
38 0.0234595
39 0.0229092
40 0.0223843
41 0.0218833
42 0.0214044
43 0.0209462
44 0.0205075
45 0.0200869
46 0.0196835
47 0.019296
48 0.0189237
49 0.0185656
50 0.0182209
51 0.0178889
52 0.0175689
53 0.0172602
54 0.0169623
55 0.0166746
56 0.0163965
57 0.0161277
58 0.0158676
59 0.0156158
60 0.015372
61 0.0151357
62 0.0149066
63 0.0146844
64 0.0144687
65 0.0142594
66 0.0140561
67 0.0138585
68 0.0136664
69 0.0134797
70 0.013298
71 0.0131211
72 0.012949
73 0.0127813
74 0.0126179
75 0.0124587
76 0.0123035
77 0.0121521
78 0.0120044
79 0.0118603
80 0.0117197
81 0.0115823
82 0.0114482
83 0.0113171
84 0.011189
85 0.0110638
86 0.0109414
87 0.0108217
88 0.0107046
89 0.01059
90 0.0104779
91 0.0103681
92 0.0102606
93 0.0101553
94 0.0100522
95 0.00995113
96 0.0098521
97 0.00975504
98 0.00965988
99 0.00956656
100 0.00947504
101 0.00938527
102 0.00929718
103 0.00921075
104 0.00912591
105 0.00904263
106 0.00896086
107 0.00888056
108 0.0088017
109 0.00872423
110 0.00864811
111 0.00857332
112 0.00849982
113 0.00842758
114 0.00835655
115 0.00828672
116 0.00821805
117 0.00815051
118 0.00808408
119 0.00801873
120 0.00795443
121 0.00789116
122 0.00782889
123 0.0077676
124 0.00770726
125 0.00764786
126 0.00758937
127 0.00753177
128 0.00747504
129 0.00741917
130 0.00736412
131 0.00730989
132 0.00725646
133 0.0072038
134 0.00715191
135 0.00710076
136 0.00705034
137 0.00700063
138 0.00695162
139 0.00690329
140 0.00685564
141 0.00680864
142 0.00676228
143 0.00671655
144 0.00667144
145 0.00662693
146 0.00658302
147 0.00653968
148 0.00649691
149 0.0064547
150 0.00641304
151 0.00637191
152 0.00633131
153 0.00629123
154 0.00625165
155 0.00621256
156 0.00617397
157 0.00613585
158 0.0060982
159 0.00606101
160 0.00602428
161 0.00598799
162 0.00595213
163 0.0059167
164 0.00588169
165 0.0058471
166 0.00581291
167 0.00577912
168 0.00574572
169 0.00571271
170 0.00568007
171 0.00564781
172 0.00561591
173 0.00558438
174 0.00555319
175 0.00552235
176 0.00549186
177 0.0054617
178 0.00543187
179 0.00540236
180 0.00537317
181 0.0053443
182 0.00531574
183 0.00528748
184 0.00525953
185 0.00523186
186 0.00520449
187 0.00517741
188 0.0051506
189 0.00512407
190 0.00509782
191 0.00507183
192 0.0050461
193 0.00502064
194 0.00499543
195 0.00497048
196 0.00494577
197 0.00492131
198 0.00489709
199 0.00487311
200 0.00484937
201 0.00482585
202 0.00480256
203 0.0047795
204 0.00475665
205 0.00473403
206 0.00471162
207 0.00468942
208 0.00466743
209 0.00464564
210 0.00462406
211 0.00460268
212 0.00458149
213 0.0045605
214 0.0045397
215 0.00451909
216 0.00449867
217 0.00447843
218 0.00445838
219 0.0044385
220 0.0044188
221 0.00439927
222 0.00437992
223 0.00436074
224 0.00434172
225 0.00432287
226 0.00430418
227 0.00428566
228 0.00426729
229 0.00424908
230 0.00423103
231 0.00421312
232 0.00419537
233 0.00417777
234 0.00416032
235 0.00414301
236 0.00412585
237 0.00410882
238 0.00409194
239 0.0040752
240 0.00405859
241 0.00404212
242 0.00402578
243 0.00400957
244 0.0039935
245 0.00397755
246 0.00396173
247 0.00394603
248 0.00393046
249 0.00391501
250 0.00389968
251 0.00388448
252 0.00386939
253 0.00385442
254 0.00383956
255 0.00382482
256 0.00381019
257 0.00379567
258 0.00378126
259 0.00376697
260 0.00375278
261 0.00373869
262 0.00372471
263 0.00371084
264 0.00369707
265 0.0036834
266 0.00366983
267 0.00365637
268 0.003643
269 0.00362973
270 0.00361655
271 0.00360347
272 0.00359049
273 0.0035776
274 0.0035648
275 0.00355209
276 0.00353947
277 0.00352694
278 0.0035145
279 0.00350215
280 0.00348989
281 0.00347771
282 0.00346561
283 0.0034536
284 0.00344168
285 0.00342983
286 0.00341807
287 0.00340638
288 0.00339478
289 0.00338326
290 0.00337181
291 0.00336044
292 0.00334915
293 0.00333793
294 0.00332679
295 0.00331572
296 0.00330473
297 0.00329381
298 0.00328296
299 0.00327218
300 0.00326147
301 0.00325083
302 0.00324027
303 0.00322977
304 0.00321934
305 0.00320897
306 0.00319867
307 0.00318844
308 0.00317828
309 0.00316818
310 0.00315814
311 0.00314816
312 0.00313825
313 0.0031284
314 0.00311862
315 0.00310889
316 0.00309923
317 0.00308962
318 0.00308008
319 0.00307059
320 0.00306116
321 0.00305179
322 0.00304248
323 0.00303322
324 0.00302402
325 0.00301487
326 0.00300578
327 0.00299675
328 0.00298777
329 0.00297884
330 0.00296997
331 0.00296115
332 0.00295238
333 0.00294366
334 0.002935
335 0.00292638
336 0.00291782
337 0.00290931
338 0.00290084
339 0.00289243
340 0.00288406
341 0.00287574
342 0.00286747
343 0.00285925
344 0.00285108
345 0.00284295
346 0.00283487
347 0.00282683
348 0.00281884
349 0.00281089
350 0.00280299
351 0.00279513
352 0.00278732
353 0.00277955
354 0.00277183
355 0.00276414
356 0.0027565
357 0.0027489
358 0.00274135
359 0.00273383
360 0.00272636
361 0.00271893
362 0.00271153
363 0.00270418
364 0.00269687
365 0.0026896
366 0.00268236
367 0.00267517
368 0.00266801
369 0.00266089
370 0.00265381
371 0.00264677
372 0.00263976
373 0.0026328
374 0.00262586
375 0.00261897
376 0.00261211
377 0.00260529
378 0.0025985
379 0.00259175
380 0.00258503
381 0.00257835
382 0.0025717
383 0.00256509
384 0.00255851
385 0.00255196
386 0.00254545
387 0.00253897
388 0.00253252
389 0.00252611
390 0.00251973
391 0.00251338
392 0.00250706
393 0.00250078
394 0.00249452
395 0.0024883
396 0.00248211
397 0.00247595
398 0.00246982
399 0.00246372
400 0.00245765
401 0.00245161
402 0.0024456
403 0.00243961
404 0.00243366
405 0.00242774
406 0.00242185
407 0.00241598
408 0.00241014
409 0.00240434
410 0.00239855
411 0.0023928
412 0.00238708
413 0.00238138
414 0.00237571
415 0.00237006
416 0.00236445
417 0.00235886
418 0.00235329
419 0.00234775
420 0.00234224
421 0.00233675
422 0.00233129
423 0.00232586
424 0.00232045
425 0.00231507
426 0.00230971
427 0.00230437
428 0.00229906
429 0.00229378
430 0.00228851
431 0.00228328
432 0.00227806
433 0.00227287
434 0.00226771
435 0.00226257
436 0.00225745
437 0.00225235
438 0.00224728
439 0.00224223
440 0.0022372
441 0.00223219
442 0.00222721
443 0.00222225
444 0.00221731
445 0.0022124
446 0.0022075
447 0.00220263
448 0.00219778
449 0.00219295
450 0.00218814
451 0.00218335
452 0.00217858
453 0.00217384
454 0.00216911
455 0.00216441
456 0.00215972
457 0.00215506
458 0.00215041
459 0.00214579
460 0.00214118
461 0.0021366
462 0.00213203
463 0.00212749
464 0.00212296
465 0.00211846
466 0.00211397
467 0.0021095
468 0.00210505
469 0.00210062
470 0.0020962
471 0.00209181
472 0.00208743
473 0.00208308
474 0.00207874
475 0.00207442
476 0.00207011
477 0.00206583
478 0.00206156
479 0.00205731
480 0.00205308
481 0.00204886
482 0.00204467
483 0.00204048
484 0.00203632
485 0.00203217
486 0.00202804
487 0.00202393
488 0.00201984
489 0.00201576
490 0.00201169
491 0.00200765
492 0.00200361
493 0.0019996
494 0.0019956
495 0.00199162
496 0.00198765
497 0.0019837
498 0.00197977
499 0.00197585
500 0.00197194
501 0.00196806
502 0.00196418
503 0.00196032
504 0.00195648
505 0.00195265
506 0.00194884
507 0.00194504
508 0.00194126
509 0.00193749
510 0.00193374
511 0.00193
512 0.00192627
513 0.00192256
514 0.00191887
515 0.00191518
516 0.00191152
517 0.00190786
518 0.00190422
519 0.0019006
520 0.00189698
521 0.00189339
522 0.0018898
523 0.00188623
524 0.00188267
525 0.00187913
526 0.0018756
527 0.00187208
528 0.00186857
529 0.00186508
530 0.0018616
531 0.00185814
532 0.00185468
533 0.00185124
534 0.00184782
535 0.0018444
536 0.001841
537 0.00183761
538 0.00183424
539 0.00183087
540 0.00182752
541 0.00182418
542 0.00182085
543 0.00181754
544 0.00181423
545 0.00181094
546 0.00180766
547 0.00180439
548 0.00180114
549 0.00179789
550 0.00179466
551 0.00179144
552 0.00178823
553 0.00178503
554 0.00178185
555 0.00177867
556 0.00177551
557 0.00177236
558 0.00176922
559 0.00176608
560 0.00176297
561 0.00175986
562 0.00175676
563 0.00175367
564 0.0017506
565 0.00174753
566 0.00174448
567 0.00174144
568 0.0017384
569 0.00173538
570 0.00173237
571 0.00172937
572 0.00172638
573 0.0017234
574 0.00172043
575 0.00171747
576 0.00171452
577 0.00171158
578 0.00170865
579 0.00170573
580 0.00170282
581 0.00169992
582 0.00169703
583 0.00169415
584 0.00169128
585 0.00168842
586 0.00168557
587 0.00168273
588 0.0016799
589 0.00167708
590 0.00167426
591 0.00167146
592 0.00166867
593 0.00166588
594 0.00166311
595 0.00166034
596 0.00165758
597 0.00165484
598 0.0016521
599 0.00164937
600 0.00164665
601 0.00164394
602 0.00164123
603 0.00163854
604 0.00163586
605 0.00163318
606 0.00163051
607 0.00162785
608 0.0016252
609 0.00162256
610 0.00161993
611 0.00161731
612 0.00161469
613 0.00161208
614 0.00160948
615 0.00160689
616 0.00160431
617 0.00160174
618 0.00159917
619 0.00159661
620 0.00159407
621 0.00159152
622 0.00158899
623 0.00158647
624 0.00158395
625 0.00158144
626 0.00157894
627 0.00157645
628 0.00157396
629 0.00157148
630 0.00156901
631 0.00156655
632 0.0015641
633 0.00156165
634 0.00155921
635 0.00155678
636 0.00155436
637 0.00155194
638 0.00154953
639 0.00154713
640 0.00154474
641 0.00154235
642 0.00153997
643 0.0015376
644 0.00153524
645 0.00153288
646 0.00153053
647 0.00152819
648 0.00152585
649 0.00152353
650 0.00152121
651 0.00151889
652 0.00151658
653 0.00151428
654 0.00151199
655 0.0015097
656 0.00150743
657 0.00150515
658 0.00150289
659 0.00150063
660 0.00149838
661 0.00149613
662 0.00149389
663 0.00149166
664 0.00148944
665 0.00148722
666 0.00148501
667 0.0014828
668 0.0014806
669 0.00147841
670 0.00147622
671 0.00147405
672 0.00147187
673 0.00146971
674 0.00146755
675 0.00146539
676 0.00146325
677 0.0014611
678 0.00145897
679 0.00145684
680 0.00145472
681 0.0014526
682 0.00145049
683 0.00144839
684 0.00144629
685 0.0014442
686 0.00144211
687 0.00144003
688 0.00143796
689 0.00143589
690 0.00143383
691 0.00143177
692 0.00142972
693 0.00142768
694 0.00142564
695 0.00142361
696 0.00142158
697 0.00141956
698 0.00141755
699 0.00141554
700 0.00141353
701 0.00141154
702 0.00140954
703 0.00140756
704 0.00140557
705 0.0014036
706 0.00140163
707 0.00139966
708 0.00139771
709 0.00139575
710 0.0013938
711 0.00139186
712 0.00138992
713 0.00138799
714 0.00138607
715 0.00138414
716 0.00138223
717 0.00138032
718 0.00137841
719 0.00137651
720 0.00137462
721 0.00137273
722 0.00137084
723 0.00136896
724 0.00136709
725 0.00136522
726 0.00136336
727 0.0013615
728 0.00135965
729 0.0013578
730 0.00135595
731 0.00135411
732 0.00135228
733 0.00135045
734 0.00134863
735 0.00134681
736 0.001345
737 0.00134319
738 0.00134138
739 0.00133958
740 0.00133779
741 0.001336
742 0.00133421
743 0.00133243
744 0.00133066
745 0.00132889
746 0.00132712
747 0.00132536
748 0.0013236
749 0.00132185
750 0.00132011
751 0.00131836
752 0.00131662
753 0.00131489
754 0.00131316
755 0.00131144
756 0.00130972
757 0.001308
758 0.00130629
759 0.00130458
760 0.00130288
761 0.00130119
762 0.00129949
763 0.0012978
764 0.00129612
765 0.00129444
766 0.00129276
767 0.00129109
768 0.00128943
769 0.00128776
770 0.0012861
771 0.00128445
772 0.0012828
773 0.00128116
774 0.00127951
775 0.00127788
776 0.00127624
777 0.00127462
778 0.00127299
779 0.00127137
780 0.00126975
781 0.00126814
782 0.00126653
783 0.00126493
784 0.00126333
785 0.00126173
786 0.00126014
787 0.00125855
788 0.00125697
789 0.00125539
790 0.00125381
791 0.00125224
792 0.00125067
793 0.00124911
794 0.00124755
795 0.00124599
796 0.00124444
797 0.00124289
798 0.00124135
799 0.00123981
800 0.00123827
801 0.00123673
802 0.00123521
803 0.00123368
804 0.00123216
805 0.00123064
806 0.00122912
807 0.00122761
808 0.00122611
809 0.0012246
810 0.0012231
811 0.00122161
812 0.00122012
813 0.00121863
814 0.00121714
815 0.00121566
816 0.00121418
817 0.00121271
818 0.00121124
819 0.00120977
820 0.00120831
821 0.00120685
822 0.00120539
823 0.00120394
824 0.00120249
825 0.00120104
826 0.0011996
827 0.00119816
828 0.00119673
829 0.00119529
830 0.00119386
831 0.00119244
832 0.00119102
833 0.0011896
834 0.00118818
835 0.00118677
836 0.00118536
837 0.00118396
838 0.00118256
839 0.00118116
840 0.00117976
841 0.00117837
842 0.00117698
843 0.0011756
844 0.00117422
845 0.00117284
846 0.00117146
847 0.00117009
848 0.00116872
849 0.00116735
850 0.00116599
851 0.00116463
852 0.00116327
853 0.00116192
854 0.00116057
855 0.00115922
856 0.00115788
857 0.00115654
858 0.0011552
859 0.00115387
860 0.00115254
861 0.00115121
862 0.00114988
863 0.00114856
864 0.00114724
865 0.00114593
866 0.00114461
867 0.0011433
868 0.001142
869 0.00114069
870 0.00113939
871 0.00113809
872 0.0011368
873 0.0011355
874 0.00113421
875 0.00113293
876 0.00113164
877 0.00113036
878 0.00112909
879 0.00112781
880 0.00112654
881 0.00112527
882 0.001124
883 0.00112274
884 0.00112148
885 0.00112022
886 0.00111897
887 0.00111772
888 0.00111647
889 0.00111522
890 0.00111398
891 0.00111274
892 0.0011115
893 0.00111026
894 0.00110903
895 0.0011078
896 0.00110657
897 0.00110535
898 0.00110413
899 0.00110291
900 0.00110169
901 0.00110048
902 0.00109927
903 0.00109806
904 0.00109685
905 0.00109565
906 0.00109445
907 0.00109325
908 0.00109205
909 0.00109086
910 0.00108967
911 0.00108848
912 0.0010873
913 0.00108612
914 0.00108494
915 0.00108376
916 0.00108259
917 0.00108141
918 0.00108024
919 0.00107908
920 0.00107791
921 0.00107675
922 0.00107559
923 0.00107444
924 0.00107328
925 0.00107213
926 0.00107098
927 0.00106983
928 0.00106869
929 0.00106755
930 0.00106641
931 0.00106527
932 0.00106413
933 0.001063
934 0.00106187
935 0.00106074
936 0.00105962
937 0.0010585
938 0.00105738
939 0.00105626
940 0.00105514
941 0.00105403
942 0.00105292
943 0.00105181
944 0.0010507
945 0.0010496
946 0.0010485
947 0.0010474
948 0.0010463
949 0.00104521
950 0.00104411
951 0.00104302
952 0.00104194
953 0.00104085
954 0.00103977
955 0.00103869
956 0.00103761
957 0.00103653
958 0.00103546
959 0.00103438
960 0.00103331
961 0.00103225
962 0.00103118
963 0.00103012
964 0.00102906
965 0.001028
966 0.00102694
967 0.00102589
968 0.00102483
969 0.00102378
970 0.00102273
971 0.00102169
972 0.00102064
973 0.0010196
974 0.00101856
975 0.00101753
976 0.00101649
977 0.00101546
978 0.00101443
979 0.0010134
980 0.00101237
981 0.00101135
982 0.00101032
983 0.0010093
984 0.00100828
985 0.00100727
986 0.00100625
987 0.00100524
988 0.00100423
989 0.00100322
990 0.00100221
991 0.00100121
992 0.00100021
993 0.000999206
994 0.000998208
995 0.000997212
996 0.000996217
997 0.000995225
998 0.000994234
999 0.000993246
1000 0.000992259
