1 0.6
2 0.912
3 0.304973
4 0.805465
5 0.595427
6 0.915396
7 0.294295
8 0.789205
9 0.632169
10 0.883619
11 0.390778
12 0.904668
13 0.327727
14 0.837224
15 0.517864
16 0.948787
17 0.184642
18 0.572087
19 0.930253
20 0.246552
21 0.705904
22 0.788894
23 0.632853
24 0.882931
25 0.392783
26 0.906317
27 0.322643
28 0.830469
29 0.535002
30 0.945345
31 0.196339
32 0.599603
33 0.912301
34 0.304029
35 0.804062
36 0.598675
37 0.913
38 0.301837
39 0.800779
40 0.606221
41 0.907125
42 0.320146
43 0.82708
44 0.543471
45 0.942819
46 0.204863
47 0.618998
48 0.89619
49 0.353528
50 0.868475
51 0.43406
52 0.933477
53 0.23597
54 0.685094
55 0.819813
56 0.561336
57 0.935704
58 0.228615
59 0.670131
60 0.84001
61 0.510693
62 0.949565
63 0.181985
64 0.565693
65 0.933601
66 0.235564
67 0.684279
68 0.820957
69 0.558549
70 0.936974
71 0.224406
72 0.661381
73 0.851033
74 0.481748
75 0.948734
76 0.184824
77 0.572522
78 0.930014
79 0.247335
80 0.707409
81 0.78653
82 0.638023
83 0.877609
84 0.408163
85 0.917951
86 0.286205
87 0.776308
88 0.659884
89 0.852861
90 0.476858
91 0.947965
92 0.187444
93 0.578774
94 0.92642
95 0.259031
96 0.729349
97 0.750117
98 0.712278
99 0.778765
100 0.654701
101 0.859056
102 0.460099
103 0.94395
104 0.201052
105 0.610395
106 0.903689
107 0.330732
108 0.841124
109 0.50781
110 0.949768
111 0.181293
112 0.564017
113 0.934427
114 0.232838
115 0.678774
116 0.828551
117 0.539805
118 0.943979
119 0.200954
120 0.610171
121 0.903877
122 0.330156
123 0.840381
124 0.509734
125 0.94964
126 0.181731
127 0.565078
128 0.933906
129 0.234556
130 0.682251
131 0.823782
132 0.551628
133 0.939871
134 0.214751
135 0.640804
136 0.874662
137 0.416589
138 0.923562
139 0.268263
140 0.745932
141 0.720167
142 0.765801
143 0.68153
144 0.824779
145 0.549172
146 0.940812
147 0.211602
148 0.63394
149 0.881828
150 0.395988
151 0.90889
152 0.314674
153 0.819486
154 0.562129
155 0.935332
156 0.229848
157 0.672667
158 0.836707
159 0.519189
160 0.948601
161 0.185278
162 0.57361
163 0.92941
164 0.249306
165 0.71118
166 0.780532
167 0.650947
168 0.863417
169 0.448128
170 0.939775
171 0.215072
172 0.6415
173 0.873915
174 0.418712
175 0.924891
176 0.263979
177 0.738317
178 0.734179
179 0.741608
180 0.728177
181 0.752153
182 0.708391
183 0.784978
184 0.641393
185 0.874031
186 0.418384
187 0.924688
188 0.264633
189 0.739489
190 0.732051
191 0.745379
192 0.7212
193 0.764069
194 0.685017
195 0.819921
196 0.561073
197 0.935826
198 0.228211
199 0.669297
200 0.841087
201 0.507908
202 0.949762
203 0.181312
204 0.564065
205 0.934403
206 0.232916
207 0.678931
208 0.828338
209 0.540339
210 0.943817
211 0.201502
212 0.611416
213 0.902829
214 0.333371
215 0.844492
216 0.499036
217 0.949996
218 0.180512
219 0.562124
220 0.935334
221 0.22984
222 0.672651
223 0.836728
224 0.519135
225 0.948609
226 0.185251
227 0.573546
228 0.929446
229 0.24919
230 0.710959
231 0.780886
232 0.650192
233 0.864281
234 0.445738
235 0.938811
236 0.218289
237 0.648428
238 0.866283
239 0.44018
240 0.936402
241 0.226303
242 0.665341
243 0.846117
244 0.494772
245 0.949896
246 0.180855
247 0.562957
248 0.934938
249 0.231149
250 0.675332
251 0.833183
252 0.528158
253 0.946987
254 0.19077
255 0.586632
256 0.921481
257 0.274945
258 0.757531
259 0.697976
260 0.801061
261 0.605576
262 0.907644
263 0.318539
264 0.824873
265 0.548937
266 0.940899
267 0.211309
268 0.633299
269 0.88248
270 0.394096
271 0.90738
272 0.319357
273 0.825999
274 0.546154
275 0.941905
276 0.207935
277 0.625853
278 0.889812
279 0.372578
280 0.888302
281 0.377043
282 0.89255
283 0.364436
284 0.880165
285 0.400803
286 0.912607
287 0.303069
288 0.802629
289 0.601979
290 0.910481
291 0.309719
292 0.812414
293 0.579111
294 0.926218
295 0.259686
296 0.730547
297 0.748023
298 0.716241
299 0.772311
300 0.668217
301 0.842471
302 0.504311
303 0.949929
304 0.180741
305 0.562681
306 0.93507
307 0.230713
308 0.674442
309 0.834366
310 0.525157
311 0.947595
312 0.188703
313 0.581758
314 0.924599
315 0.264918
316 0.739999
317 0.731123
318 0.747013
319 0.718141
320 0.769175
321 0.674671
322 0.834062
323 0.525929
324 0.947445
325 0.189213
326 0.582963
327 0.923845
328 0.267351
329 0.744322
330 0.723165
331 0.760749
332 0.691637
333 0.810445
334 0.58377
335 0.923334
336 0.268996
337 0.747221
338 0.717751
339 0.769822
340 0.673346
341 0.835814
342 0.521469
343 0.948248
344 0.186478
345 0.576476
346 0.927775
347 0.254632
348 0.721218
349 0.764037
350 0.685081
351 0.819832
352 0.561289
353 0.935726
354 0.228543
355 0.669983
356 0.840202
357 0.510199
358 0.949605
359 0.181851
360 0.565369
361 0.933762
362 0.235031
363 0.683208
364 0.822452
365 0.554893
366 0.93855
367 0.219161
368 0.650293
369 0.864166
370 0.446057
371 0.938942
372 0.217852
373 0.647492
374 0.867336
375 0.437246
376 0.935035
377 0.230829
378 0.674678
379 0.834053
380 0.525954
381 0.94744
382 0.189229
383 0.583001
384 0.923821
385 0.267428
386 0.744459
387 0.722911
388 0.761181
389 0.690782
390 0.811689
391 0.580831
392 0.925172
393 0.263069
394 0.736681
395 0.737131
396 0.736321
397 0.737779
398 0.735152
399 0.739874
400 0.731351
401 0.746612
402 0.718893
403 0.767926
404 0.677219
405 0.830655
406 0.534537
407 0.945467
408 0.195923
409 0.598642
410 0.913025
411 0.301759
412 0.800661
413 0.606491
414 0.906907
415 0.320821
416 0.828001
417 0.541179
418 0.943556
419 0.20238
420 0.613405
421 0.901129
422 0.338562
423 0.850963
424 0.481934
425 0.94876
426 0.184736
427 0.572312
428 0.930129
429 0.246957
430 0.706683
431 0.787672
432 0.63553
433 0.8802
434 0.400701
435 0.912531
436 0.30331
437 0.802989
438 0.601151
439 0.91112
440 0.307725
441 0.809515
442 0.585963
443 0.92192
444 0.273539
445 0.755118
446 0.702675
447 0.793906
448 0.621753
449 0.89367
450 0.361091
451 0.876676
452 0.410837
453 0.91979
454 0.280351
455 0.766667
456 0.679778
457 0.827184
458 0.543213
459 0.942904
460 0.204577
461 0.618357
462 0.896768
463 0.351785
464 0.866523
465 0.439512
466 0.936097
467 0.227315
468 0.667444
469 0.843458
470 0.501739
471 0.949989
472 0.180539
473 0.562191
474 0.935303
475 0.229943
476 0.672864
477 0.836449
478 0.519848
479 0.948503
480 0.185611
481 0.574406
482 0.928962
483 0.250768
484 0.713957
485 0.776045
486 0.660436
487 0.852189
488 0.47866
489 0.948269
490 0.186407
491 0.576306
492 0.927874
493 0.25431
494 0.720619
495 0.765043
496 0.683058
497 0.822662
498 0.55438
499 0.938763
500 0.218452
501 0.648776
502 0.86589
503 0.441274
504 0.936895
505 0.224667
506 0.661928
507 0.850361
508 0.483539
509 0.94897
510 0.184017
511 0.570589
512 0.931065
513 0.243894
514 0.700757
515 0.796848
516 0.615149
517 0.899614
518 0.343172
519 0.856539
520 0.466945
521 0.945848
522 0.194635
523 0.595658
524 0.915228
525 0.294824
526 0.790031
527 0.630351
528 0.885432
529 0.385479
530 0.900163
531 0.341506
532 0.854542
533 0.472339
534 0.947093
535 0.190411
536 0.585788
537 0.922033
538 0.273173
539 0.754489
540 0.703894
541 0.792023
542 0.625946
543 0.889723
544 0.372841
545 0.888557
546 0.37629
547 0.891845
548 0.36654
549 0.882316
550 0.394572
551 0.907763
552 0.318173
553 0.824368
554 0.550185
555 0.94043
556 0.212883
557 0.636742
558 0.878946
559 0.40432
560 0.915212
561 0.294876
562 0.790112
563 0.630173
564 0.885609
565 0.38496
566 0.89971
567 0.34288
568 0.856191
569 0.467887
570 0.946081
571 0.193844
572 0.593819
573 0.916552
574 0.290641
575 0.783441
576 0.644713
577 0.870421
578 0.428596
579 0.930625
580 0.245335
581 0.703554
582 0.79255
583 0.624775
584 0.890839
585 0.369531
586 0.885315
587 0.385822
588 0.900461
589 0.340599
590 0.853447
591 0.475285
592 0.947679
593 0.188418
594 0.581083
595 0.925017
596 0.26357
597 0.737584
598 0.735505
599 0.739242
600 0.732501
601 0.744585
602 0.722677
603 0.761577
604 0.689995
605 0.812828
606 0.578127
607 0.926805
608 0.257782
609 0.727055
610 0.754095
611 0.704655
612 0.790842
613 0.628562
614 0.887193
615 0.38031
616 0.895563
617 0.355415
618 0.870562
619 0.4282
620 0.93041
621 0.24604
622 0.704916
623 0.790436
624 0.629458
625 0.886315
626 0.382891
627 0.897885
628 0.348412
629 0.86268
630 0.45016
631 0.940561
632 0.212444
633 0.635784
634 0.879938
635 0.401458
636 0.9131
637 0.301525
638 0.800308
639 0.607296
640 0.906252
641 0.322844
642 0.83074
643 0.534323
644 0.945523
645 0.195734
646 0.598204
647 0.913353
648 0.30073
649 0.799108
650 0.610031
651 0.903994
652 0.329798
653 0.839918
654 0.510931
655 0.949546
656 0.182052
657 0.565854
658 0.93352
659 0.235829
660 0.684812
661 0.820209
662 0.560371
663 0.93615
664 0.227137
665 0.667073
666 0.843929
667 0.50051
668 0.949999
669 0.180503
670 0.562103
671 0.935344
672 0.229807
673 0.672584
674 0.836817
675 0.518908
676 0.948642
677 0.185139
678 0.573278
679 0.929595
680 0.248702
681 0.710026
682 0.782378
683 0.646999
684 0.867887
685 0.435704
686 0.934291
687 0.233287
688 0.679684
689 0.827312
690 0.542895
691 0.943008
692 0.204227
693 0.617569
694 0.897475
695 0.349653
696 0.864104
697 0.446227
698 0.939012
699 0.21762
700 0.646993
701 0.867894
702 0.435686
703 0.934282
704 0.233316
705 0.679743
706 0.827231
707 0.543096
708 0.942942
709 0.204448
710 0.618065
711 0.89703
712 0.350994
713 0.86563
714 0.441996
715 0.937215
716 0.223603
717 0.659698
718 0.853086
719 0.476254
720 0.947857
721 0.187811
722 0.579644
723 0.925896
724 0.260728
725 0.732445
726 0.744683
727 0.722494
728 0.761886
729 0.68938
730 0.813714
731 0.576017
732 0.928041
733 0.253766
734 0.719602
735 0.766745
736 0.679619
737 0.827401
738 0.542673
739 0.94308
740 0.203984
741 0.617023
742 0.897961
743 0.348182
744 0.862414
745 0.450892
746 0.940836
747 0.211522
748 0.633766
749 0.882006
750 0.395472
751 0.908481
752 0.315945
753 0.82127
754 0.557784
755 0.937312
756 0.223282
757 0.659024
758 0.853903
759 0.47406
760 0.947443
761 0.18922
762 0.58298
763 0.923834
764 0.267385
765 0.744384
766 0.723051
767 0.760943
768 0.691253
769 0.811004
770 0.58245
771 0.924168
772 0.266311
773 0.74248
774 0.726572
775 0.754927
776 0.703047
777 0.793333
778 0.623032
779 0.89248
780 0.364645
781 0.88038
782 0.400181
783 0.912138
784 0.304541
785 0.804825
786 0.596911
787 0.914311
788 0.297716
789 0.794508
790 0.620406
791 0.894909
792 0.357379
793 0.872705
794 0.422146
795 0.926967
796 0.257256
797 0.726087
798 0.755761
799 0.701427
800 0.795823
801 0.617457
802 0.897575
803 0.34935
804 0.863758
805 0.447185
806 0.9394
807 0.216325
808 0.644207
809 0.870976
810 0.427032
811 0.929767
812 0.24814
813 0.708953
814 0.784087
815 0.643319
816 0.871946
817 0.424293
818 0.92822
819 0.253185
820 0.718514
821 0.768557
822 0.675933
823 0.83238
824 0.530189
825 0.946537
826 0.192298
827 0.590215
828 0.919073
829 0.282637
830 0.770462
831 0.67203
832 0.837541
833 0.517051
834 0.948895
835 0.184274
836 0.571204
837 0.930734
838 0.24498
839 0.702866
840 0.793613
841 0.622407
842 0.893062
843 0.362907
844 0.878581
845 0.405369
846 0.915971
847 0.292478
848 0.786352
849 0.638409
850 0.877203
851 0.409327
852 0.918758
853 0.283638
854 0.772113
855 0.668627
856 0.841947
857 0.505676
858 0.949878
859 0.180919
860 0.563111
861 0.934865
862 0.231392
863 0.67583
864 0.832519
865 0.529838
866 0.946617
867 0.192027
868 0.58958
869 0.919507
870 0.281254
871 0.768171
872 0.676721
873 0.831325
874 0.53285
875 0.945899
876 0.19446
877 0.595253
878 0.915522
879 0.293898
880 0.788583
881 0.633534
882 0.882241
883 0.39479
884 0.907937
885 0.317631
886 0.823617
887 0.552033
888 0.939712
889 0.215283
890 0.641958
891 0.873422
892 0.420112
893 0.925748
894 0.261207
895 0.733317
896 0.74314
897 0.725354
898 0.757018
899 0.698978
900 0.79955
901 0.609025
902 0.904831
903 0.327225
904 0.836565
905 0.519551
906 0.948547
907 0.18546
908 0.574044
909 0.929166
910 0.250102
911 0.712694
912 0.778092
913 0.656125
914 0.857375
915 0.464677
916 0.945259
917 0.19663
918 0.600273
919 0.911792
920 0.305623
921 0.806426
922 0.593191
923 0.916999
924 0.289225
925 0.781182
926 0.64956
927 0.865
928 0.443744
929 0.937974
930 0.22108
931 0.654373
932 0.859442
933 0.459045
934 0.943626
935 0.202144
936 0.61287
937 0.901589
938 0.33716
939 0.849236
940 0.486531
941 0.949311
942 0.182856
943 0.567795
944 0.932535
945 0.239072
946 0.691284
947 0.81096
948 0.582554
949 0.924102
950 0.266522
951 0.742854
952 0.725883
953 0.756111
954 0.700746
955 0.796864
956 0.615114
957 0.899646
958 0.343077
959 0.856425
960 0.467252
961 0.945925
962 0.194374
963 0.595053
964 0.915667
965 0.293441
966 0.787867
967 0.635104
968 0.880638
969 0.399435
970 0.911569
971 0.306321
972 0.807456
973 0.590789
974 0.918678
975 0.283893
976 0.772532
977 0.667761
978 0.843054
979 0.502794
980 0.94997
981 0.180601
982 0.562341
983 0.935232
984 0.230179
985 0.673348
986 0.835812
987 0.521475
988 0.948248
989 0.186482
990 0.576484
991 0.927771
992 0.254646
993 0.721246
994 0.76399
995 0.685174
996 0.8197
997 0.56161
998 0.935576
999 0.22904
1000 0.671006
