1 0.6
2 0.84
3 0.4704
4 0.871933
5 0.390829
6 0.833286
7 0.486221
8 0.874336
9 0.384555
10 0.828354
11 0.497643
12 0.874981
13 0.382864
14 0.826977
15 0.500802
16 0.874998
17 0.382818
18 0.82694
19 0.500887
20 0.874997
21 0.38282
22 0.826941
23 0.500884
24 0.874997
25 0.38282
26 0.826941
27 0.500884
28 0.874997
29 0.38282
30 0.826941
31 0.500884
32 0.874997
33 0.38282
34 0.826941
35 0.500884
36 0.874997
37 0.38282
38 0.826941
39 0.500884
40 0.874997
41 0.38282
42 0.826941
43 0.500884
44 0.874997
45 0.38282
46 0.826941
47 0.500884
48 0.874997
49 0.38282
50 0.826941
51 0.500884
52 0.874997
53 0.38282
54 0.826941
55 0.500884
56 0.874997
57 0.38282
58 0.826941
59 0.500884
60 0.874997
61 0.38282
62 0.826941
63 0.500884
64 0.874997
65 0.38282
66 0.826941
67 0.500884
68 0.874997
69 0.38282
70 0.826941
71 0.500884
72 0.874997
73 0.38282
74 0.826941
75 0.500884
76 0.874997
77 0.38282
78 0.826941
79 0.500884
80 0.874997
81 0.38282
82 0.826941
83 0.500884
84 0.874997
85 0.38282
86 0.826941
87 0.500884
88 0.874997
89 0.38282
90 0.826941
91 0.500884
92 0.874997
93 0.38282
94 0.826941
95 0.500884
96 0.874997
97 0.38282
98 0.826941
99 0.500884
100 0.874997
101 0.38282
102 0.826941
103 0.500884
104 0.874997
105 0.38282
106 0.826941
107 0.500884
108 0.874997
109 0.38282
110 0.826941
111 0.500884
112 0.874997
113 0.38282
114 0.826941
115 0.500884
116 0.874997
117 0.38282
118 0.826941
119 0.500884
120 0.874997
121 0.38282
122 0.826941
123 0.500884
124 0.874997
125 0.38282
126 0.826941
127 0.500884
128 0.874997
129 0.38282
130 0.826941
131 0.500884
132 0.874997
133 0.38282
134 0.826941
135 0.500884
136 0.874997
137 0.38282
138 0.826941
139 0.500884
140 0.874997
141 0.38282
142 0.826941
143 0.500884
144 0.874997
145 0.38282
146 0.826941
147 0.500884
148 0.874997
149 0.38282
150 0.826941
151 0.500884
152 0.874997
153 0.38282
154 0.826941
155 0.500884
156 0.874997
157 0.38282
158 0.826941
159 0.500884
160 0.874997
161 0.38282
162 0.826941
163 0.500884
164 0.874997
165 0.38282
166 0.826941
167 0.500884
168 0.874997
169 0.38282
170 0.826941
171 0.500884
172 0.874997
173 0.38282
174 0.826941
175 0.500884
176 0.874997
177 0.38282
178 0.826941
179 0.500884
180 0.874997
181 0.38282
182 0.826941
183 0.500884
184 0.874997
185 0.38282
186 0.826941
187 0.500884
188 0.874997
189 0.38282
190 0.826941
191 0.500884
192 0.874997
193 0.38282
194 0.826941
195 0.500884
196 0.874997
197 0.38282
198 0.826941
199 0.500884
200 0.874997
201 0.38282
202 0.826941
203 0.500884
204 0.874997
205 0.38282
206 0.826941
207 0.500884
208 0.874997
209 0.38282
210 0.826941
211 0.500884
212 0.874997
213 0.38282
214 0.826941
215 0.500884
216 0.874997
217 0.38282
218 0.826941
219 0.500884
220 0.874997
221 0.38282
222 0.826941
223 0.500884
224 0.874997
225 0.38282
226 0.826941
227 0.500884
228 0.874997
229 0.38282
230 0.826941
231 0.500884
232 0.874997
233 0.38282
234 0.826941
235 0.500884
236 0.874997
237 0.38282
238 0.826941
239 0.500884
240 0.874997
241 0.38282
242 0.826941
243 0.500884
244 0.874997
245 0.38282
246 0.826941
247 0.500884
248 0.874997
249 0.38282
250 0.826941
251 0.500884
252 0.874997
253 0.38282
254 0.826941
255 0.500884
256 0.874997
257 0.38282
258 0.826941
259 0.500884
260 0.874997
261 0.38282
262 0.826941
263 0.500884
264 0.874997
265 0.38282
266 0.826941
267 0.500884
268 0.874997
269 0.38282
270 0.826941
271 0.500884
272 0.874997
273 0.38282
274 0.826941
275 0.500884
276 0.874997
277 0.38282
278 0.826941
279 0.500884
280 0.874997
281 0.38282
282 0.826941
283 0.500884
284 0.874997
285 0.38282
286 0.826941
287 0.500884
288 0.874997
289 0.38282
290 0.826941
291 0.500884
292 0.874997
293 0.38282
294 0.826941
295 0.500884
296 0.874997
297 0.38282
298 0.826941
299 0.500884
300 0.874997
301 0.38282
302 0.826941
303 0.500884
304 0.874997
305 0.38282
306 0.826941
307 0.500884
308 0.874997
309 0.38282
310 0.826941
311 0.500884
312 0.874997
313 0.38282
314 0.826941
315 0.500884
316 0.874997
317 0.38282
318 0.826941
319 0.500884
320 0.874997
321 0.38282
322 0.826941
323 0.500884
324 0.874997
325 0.38282
326 0.826941
327 0.500884
328 0.874997
329 0.38282
330 0.826941
331 0.500884
332 0.874997
333 0.38282
334 0.826941
335 0.500884
336 0.874997
337 0.38282
338 0.826941
339 0.500884
340 0.874997
341 0.38282
342 0.826941
343 0.500884
344 0.874997
345 0.38282
346 0.826941
347 0.500884
348 0.874997
349 0.38282
350 0.826941
351 0.500884
352 0.874997
353 0.38282
354 0.826941
355 0.500884
356 0.874997
357 0.38282
358 0.826941
359 0.500884
360 0.874997
361 0.38282
362 0.826941
363 0.500884
364 0.874997
365 0.38282
366 0.826941
367 0.500884
368 0.874997
369 0.38282
370 0.826941
371 0.500884
372 0.874997
373 0.38282
374 0.826941
375 0.500884
376 0.874997
377 0.38282
378 0.826941
379 0.500884
380 0.874997
381 0.38282
382 0.826941
383 0.500884
384 0.874997
385 0.38282
386 0.826941
387 0.500884
388 0.874997
389 0.38282
390 0.826941
391 0.500884
392 0.874997
393 0.38282
394 0.826941
395 0.500884
396 0.874997
397 0.38282
398 0.826941
399 0.500884
400 0.874997
401 0.38282
402 0.826941
403 0.500884
404 0.874997
405 0.38282
406 0.826941
407 0.500884
408 0.874997
409 0.38282
410 0.826941
411 0.500884
412 0.874997
413 0.38282
414 0.826941
415 0.500884
416 0.874997
417 0.38282
418 0.826941
419 0.500884
420 0.874997
421 0.38282
422 0.826941
423 0.500884
424 0.874997
425 0.38282
426 0.826941
427 0.500884
428 0.874997
429 0.38282
430 0.826941
431 0.500884
432 0.874997
433 0.38282
434 0.826941
435 0.500884
436 0.874997
437 0.38282
438 0.826941
439 0.500884
440 0.874997
441 0.38282
442 0.826941
443 0.500884
444 0.874997
445 0.38282
446 0.826941
447 0.500884
448 0.874997
449 0.38282
450 0.826941
451 0.500884
452 0.874997
453 0.38282
454 0.826941
455 0.500884
456 0.874997
457 0.38282
458 0.826941
459 0.500884
460 0.874997
461 0.38282
462 0.826941
463 0.500884
464 0.874997
465 0.38282
466 0.826941
467 0.500884
468 0.874997
469 0.38282
470 0.826941
471 0.500884
472 0.874997
473 0.38282
474 0.826941
475 0.500884
476 0.874997
477 0.38282
478 0.826941
479 0.500884
480 0.874997
481 0.38282
482 0.826941
483 0.500884
484 0.874997
485 0.38282
486 0.826941
487 0.500884
488 0.874997
489 0.38282
490 0.826941
491 0.500884
492 0.874997
493 0.38282
494 0.826941
495 0.500884
496 0.874997
497 0.38282
498 0.826941
499 0.500884
500 0.874997
501 0.38282
502 0.826941
503 0.500884
504 0.874997
505 0.38282
506 0.826941
507 0.500884
508 0.874997
509 0.38282
510 0.826941
511 0.500884
512 0.874997
513 0.38282
514 0.826941
515 0.500884
516 0.874997
517 0.38282
518 0.826941
519 0.500884
520 0.874997
521 0.38282
522 0.826941
523 0.500884
524 0.874997
525 0.38282
526 0.826941
527 0.500884
528 0.874997
529 0.38282
530 0.826941
531 0.500884
532 0.874997
533 0.38282
534 0.826941
535 0.500884
536 0.874997
537 0.38282
538 0.826941
539 0.500884
540 0.874997
541 0.38282
542 0.826941
543 0.500884
544 0.874997
545 0.38282
546 0.826941
547 0.500884
548 0.874997
549 0.38282
550 0.826941
551 0.500884
552 0.874997
553 0.38282
554 0.826941
555 0.500884
556 0.874997
557 0.38282
558 0.826941
559 0.500884
560 0.874997
561 0.38282
562 0.826941
563 0.500884
564 0.874997
565 0.38282
566 0.826941
567 0.500884
568 0.874997
569 0.38282
570 0.826941
571 0.500884
572 0.874997
573 0.38282
574 0.826941
575 0.500884
576 0.874997
577 0.38282
578 0.826941
579 0.500884
580 0.874997
581 0.38282
582 0.826941
583 0.500884
584 0.874997
585 0.38282
586 0.826941
587 0.500884
588 0.874997
589 0.38282
590 0.826941
591 0.500884
592 0.874997
593 0.38282
594 0.826941
595 0.500884
596 0.874997
597 0.38282
598 0.826941
599 0.500884
600 0.874997
601 0.38282
602 0.826941
603 0.500884
604 0.874997
605 0.38282
606 0.826941
607 0.500884
608 0.874997
609 0.38282
610 0.826941
611 0.500884
612 0.874997
613 0.38282
614 0.826941
615 0.500884
616 0.874997
617 0.38282
618 0.826941
619 0.500884
620 0.874997
621 0.38282
622 0.826941
623 0.500884
624 0.874997
625 0.38282
626 0.826941
627 0.500884
628 0.874997
629 0.38282
630 0.826941
631 0.500884
632 0.874997
633 0.38282
634 0.826941
635 0.500884
636 0.874997
637 0.38282
638 0.826941
639 0.500884
640 0.874997
641 0.38282
642 0.826941
643 0.500884
644 0.874997
645 0.38282
646 0.826941
647 0.500884
648 0.874997
649 0.38282
650 0.826941
651 0.500884
652 0.874997
653 0.38282
654 0.826941
655 0.500884
656 0.874997
657 0.38282
658 0.826941
659 0.500884
660 0.874997
661 0.38282
662 0.826941
663 0.500884
664 0.874997
665 0.38282
666 0.826941
667 0.500884
668 0.874997
669 0.38282
670 0.826941
671 0.500884
672 0.874997
673 0.38282
674 0.826941
675 0.500884
676 0.874997
677 0.38282
678 0.826941
679 0.500884
680 0.874997
681 0.38282
682 0.826941
683 0.500884
684 0.874997
685 0.38282
686 0.826941
687 0.500884
688 0.874997
689 0.38282
690 0.826941
691 0.500884
692 0.874997
693 0.38282
694 0.826941
695 0.500884
696 0.874997
697 0.38282
698 0.826941
699 0.500884
700 0.874997
701 0.38282
702 0.826941
703 0.500884
704 0.874997
705 0.38282
706 0.826941
707 0.500884
708 0.874997
709 0.38282
710 0.826941
711 0.500884
712 0.874997
713 0.38282
714 0.826941
715 0.500884
716 0.874997
717 0.38282
718 0.826941
719 0.500884
720 0.874997
721 0.38282
722 0.826941
723 0.500884
724 0.874997
725 0.38282
726 0.826941
727 0.500884
728 0.874997
729 0.38282
730 0.826941
731 0.500884
732 0.874997
733 0.38282
734 0.826941
735 0.500884
736 0.874997
737 0.38282
738 0.826941
739 0.500884
740 0.874997
741 0.38282
742 0.826941
743 0.500884
744 0.874997
745 0.38282
746 0.826941
747 0.500884
748 0.874997
749 0.38282
750 0.826941
751 0.500884
752 0.874997
753 0.38282
754 0.826941
755 0.500884
756 0.874997
757 0.38282
758 0.826941
759 0.500884
760 0.874997
761 0.38282
762 0.826941
763 0.500884
764 0.874997
765 0.38282
766 0.826941
767 0.500884
768 0.874997
769 0.38282
770 0.826941
771 0.500884
772 0.874997
773 0.38282
774 0.826941
775 0.500884
776 0.874997
777 0.38282
778 0.826941
779 0.500884
780 0.874997
781 0.38282
782 0.826941
783 0.500884
784 0.874997
785 0.38282
786 0.826941
787 0.500884
788 0.874997
789 0.38282
790 0.826941
791 0.500884
792 0.874997
793 0.38282
794 0.826941
795 0.500884
796 0.874997
797 0.38282
798 0.826941
799 0.500884
800 0.874997
801 0.38282
802 0.826941
803 0.500884
804 0.874997
805 0.38282
806 0.826941
807 0.500884
808 0.874997
809 0.38282
810 0.826941
811 0.500884
812 0.874997
813 0.38282
814 0.826941
815 0.500884
816 0.874997
817 0.38282
818 0.826941
819 0.500884
820 0.874997
821 0.38282
822 0.826941
823 0.500884
824 0.874997
825 0.38282
826 0.826941
827 0.500884
828 0.874997
829 0.38282
830 0.826941
831 0.500884
832 0.874997
833 0.38282
834 0.826941
835 0.500884
836 0.874997
837 0.38282
838 0.826941
839 0.500884
840 0.874997
841 0.38282
842 0.826941
843 0.500884
844 0.874997
845 0.38282
846 0.826941
847 0.500884
848 0.874997
849 0.38282
850 0.826941
851 0.500884
852 0.874997
853 0.38282
854 0.826941
855 0.500884
856 0.874997
857 0.38282
858 0.826941
859 0.500884
860 0.874997
861 0.38282
862 0.826941
863 0.500884
864 0.874997
865 0.38282
866 0.826941
867 0.500884
868 0.874997
869 0.38282
870 0.826941
871 0.500884
872 0.874997
873 0.38282
874 0.826941
875 0.500884
876 0.874997
877 0.38282
878 0.826941
879 0.500884
880 0.874997
881 0.38282
882 0.826941
883 0.500884
884 0.874997
885 0.38282
886 0.826941
887 0.500884
888 0.874997
889 0.38282
890 0.826941
891 0.500884
892 0.874997
893 0.38282
894 0.826941
895 0.500884
896 0.874997
897 0.38282
898 0.826941
899 0.500884
900 0.874997
901 0.38282
902 0.826941
903 0.500884
904 0.874997
905 0.38282
906 0.826941
907 0.500884
908 0.874997
909 0.38282
910 0.826941
911 0.500884
912 0.874997
913 0.38282
914 0.826941
915 0.500884
916 0.874997
917 0.38282
918 0.826941
919 0.500884
920 0.874997
921 0.38282
922 0.826941
923 0.500884
924 0.874997
925 0.38282
926 0.826941
927 0.500884
928 0.874997
929 0.38282
930 0.826941
931 0.500884
932 0.874997
933 0.38282
934 0.826941
935 0.500884
936 0.874997
937 0.38282
938 0.826941
939 0.500884
940 0.874997
941 0.38282
942 0.826941
943 0.500884
944 0.874997
945 0.38282
946 0.826941
947 0.500884
948 0.874997
949 0.38282
950 0.826941
951 0.500884
952 0.874997
953 0.38282
954 0.826941
955 0.500884
956 0.874997
957 0.38282
958 0.826941
959 0.500884
960 0.874997
961 0.38282
962 0.826941
963 0.500884
964 0.874997
965 0.38282
966 0.826941
967 0.500884
968 0.874997
969 0.38282
970 0.826941
971 0.500884
972 0.874997
973 0.38282
974 0.826941
975 0.500884
976 0.874997
977 0.38282
978 0.826941
979 0.500884
980 0.874997
981 0.38282
982 0.826941
983 0.500884
984 0.874997
985 0.38282
986 0.826941
987 0.500884
988 0.874997
989 0.38282
990 0.826941
991 0.500884
992 0.874997
993 0.38282
994 0.826941
995 0.500884
996 0.874997
997 0.38282
998 0.826941
999 0.500884
1000 0.874997
