              0       0.101179       0.402343        0.90345        1.60443        2.50518        3.60557        4.90545        6.40463        8.10289             10
              0      0.0821786       0.326343        0.73245        1.30043        2.03018        2.92157        3.97445        5.18863        6.56389            8.1
              0      0.0651786       0.258343        0.57945        1.02843        1.60518        2.30957        3.14145        4.10063        5.18689            6.4
              0      0.0501787       0.198343        0.44445       0.788429        1.23018        1.76957        2.40645        3.14063        3.97189            4.9
              0      0.0371794       0.146344       0.327452       0.580431       0.905181        1.30157        1.76945        2.30863        2.91889            3.6
              0       0.026185       0.102355       0.228467       0.404449         0.6302       0.905591        1.23047        1.60464         2.0279            2.5
              0      0.0172292      0.0664392       0.147583       0.260585       0.405343       0.581728       0.789584        1.02873        1.29894            1.6
              0      0.0105703        0.03909      0.0854827       0.149649       0.231471       0.330809        0.44751       0.581403       0.732302            0.9
              0     0.00811736      0.0239773      0.0473064      0.0778284       0.115278       0.159416       0.210046       0.267034       0.330332            0.4
              0      0.0221375      0.0451342      0.0678041      0.0888999       0.107094       0.120961       0.128956       0.129394       0.120422            0.1
              0            0.1            0.2            0.3            0.4            0.5            0.6            0.7            0.8            0.9              1
