-0.525472
-1.53914
-1.27648
0.506611
-3.13782
0.0372607
-2.36152
-0.181471
2.47612
-2.70398
0.387967
-1.58929
-0.116678
0.261133
-0.0743927
0.156728
-0.233563
-0.184069
-0.796185
-0.00594703
-0.926651
-0.0752107
-1.53667
-0.137373
-0.140387
-0.711495
0.667261
-0.468881
-0.309326
-0.529893
0.00864168
-0.30694
-0.210902
-1.6817
0.0274815
0.0120903
-0.387863
-0.137771
-0.510465
-0.296859
-0.883034
0.0144241
-1.39258
0.166553
0.137017
-0.742708
1.75032
-0.937222
-2.05548
0.186215
-1.23967
-0.757498
2.67753
-2.87528
0.435161
-1.57678
0.148819
-0.228312
-0.468223
-0.514455
-0.760127
0.412218
-1.29474
0.125529
-0.755968
1.18731
-1.72359
0.275884
0.476956
-0.285001
-0.191666
-0.512142
-0.254894
-1.12091
-0.00563777
-1.29517
-0.203953
-1.42145
0.232722
-0.219536
-0.181119
-0.0475897
-0.812688
-0.304479
-1.45426
-0.715153
-1.59454
0.381121
-1.63187
-0.0999743
0.283196
0.269423
0.383784
-0.0728189
-0.0509284
-0.921369
-0.250029
-0.444952
-0.360877
-1.00832
-0.540525
2.12004
0.0474535
-2.30375
-0.540576
-1.23437
-0.128093
-1.90183
-1.30576
-4.85252
-1.69233
-1.22749
0.631643
1.1745
0.560063
-0.0127191
-1.49374
-0.0102921
-0.943795
-1.00117
1.15883
-3.80831
-1.06085
-0.387942
-1.86642
-5.83662
0.668494
-6.37222
0.14137
-15.0169
1.31925
-16.8092
-1.75928
0.151824
-0.914432
-1.02967
0.791179
-0.606158
-0.299615
0.328149
0.396659
-0.917261
0.146906
-1.41639
0.290572
0.0988812
0.982582
1.89396
-3.25359
1.49526
-0.258621
-0.256656
-0.885746
0.0147542
-3.40621
2.08588
-0.894709
0.963623
-1.84639
-0.634926
-0.957764
1.44661
-2.77935
-1.2615
1.9086
-1.74641
0.0885599
0.395496
-0.186791
-0.0947716
-0.375489
-0.263553
-0.845427
0.0640912
-0.997733
0.0494065
-1.41268
0.149553
0.284539
1.38516
1.01485
-2.54579
-5.98233
1.96806
-3.72324
-0.26383
-4.46989
-1.73573
0.101389
-0.313768
-0.136102
-0.266518
-0.631207
-0.52863
-1.05813
-0.280827
-1.49749
0.0302951
-2.49441
2.14984
-5.50479
-2.69715
-7.30613
-0.774889
-0.805374
-0.690416
-0.949933
0.949666
-0.404056
-1.63667
0.0651659
-0.131508
-0.59074
0.0821394
-0.620408
-0.181385
-0.68838
0.181829
-1.28064
0.107545
-1.18488
-1.52399
-0.612067
2.40796
-6.20692
-0.217682
-1.69581
-1.30883
-3.44164
0.846776
1.1491
-1.69532
-0.197396
0.485325
0.384062
0.164989
0.00531496
-0.155992
-0.743628
-0.152002
-0.876907
-0.144848
-1.91055
-3.15796
1.40076
-0.799552
-1.04242
-0.590556
-1.1953
0.0766307
-1.53234
-1.21231
0.809948
-3.88617
-0.888332
-20.4955
-1.35365
-13.3132
-0.909558
-8.02989
1.12207
-7.04435
1.31185
-3.94981
-0.418412
1.35197
0.0694335
0.582554
3.28105
-3.69596
-0.0991647
-0.333198
-0.231675
-1.29775
0.321095
-1.61992
-1.65704
0.424121
2.62951
2.17421
0.49982
-6.18546
-0.269457
-3.75971
-1.20031
-4.04829
-0.981147
-1.93438
1.45106
3.41487
-4.70984
-0.0362182
-1.5362
-1.05714
-4.85425
0.134622
-0.109286
-2.47632
1.92651
-0.434357
-0.695664
-1.38264
-1.47018
-4.51303
-0.772355
1.24209
2.88322
0.572011
-2.7764
0.139134
-0.315252
-0.287119
0.392345
-0.550687
-1.13327
-2.91058
-2.04354
3.02815
-1.87785
-3.16284
0.129283
-0.165862
0.611603
-0.635636
-1.5101
-1.31194
3.70355
-6.50276
-1.02785
0.950597
-3.14328
-0.81621
-0.229236
0.356673
1.43364
2.30349
-2.17231
0.0794154
-0.0113465
-1.39003
-0.383807
-2.01447
1.17479
-5.219
1.4169
-3.10626
-2.37947
-5.47795
-1.76598
2.50463
1.92616
0.66758
-1.65346
-0.0670373
-0.19372
-0.334184
-0.098519
-0.783257
-0.554082
-1.16491
-0.249067
-1.37626
-0.170148
-1.9596
-0.217699
0.0309015
-1.0814
-0.355466
-1.89693
-0.228283
1.07948
-1.4055
0.359288
0.363031
-0.780603
0.63374
-0.504802
-0.268762
-0.264832
-0.599192
-1.23146
-1.28702
-0.485535
-1.80873
0.262919
2.31645
7.9499
-4.23079
-6.3336
-1.24569
-5.29885
3.88923
-1.03524
4.39809
-5.63893
12.1757
-6.3845
-39.3041
-5.66511
-3.18792
-11.028
-3.08225
-5.84114
1.5239
-14.9998
-2.59785
7.50175
-4.964
-11.6951
39.1556
3.25077
5.6941
-5.79134
6.814
-5.83765
7.97274
-6.71354
-6.12768
1.47348
-7.93254
8.16553
