0.000000 0.101179 0.402343 0.903450 1.604429 2.505179 3.605571 4.905450 6.404629 8.102893 10.000000 
0.000000 0.082179 0.326343 0.732450 1.300429 2.030179 2.921571 3.974450 5.188629 6.563893 8.100000 
0.000000 0.065179 0.258343 0.579450 1.028429 1.605179 2.309571 3.141450 4.100629 5.186893 6.400000 
0.000000 0.050179 0.198343 0.444450 0.788429 1.230179 1.769571 2.406450 3.140629 3.971893 4.900000 
0.000000 0.037179 0.146343 0.327450 0.580429 0.905179 1.301571 1.769450 2.308629 2.918893 3.600000 
0.000000 0.026179 0.102343 0.228450 0.404428 0.630178 0.905571 1.230450 1.604628 2.027893 2.500000 
0.000000 0.017178 0.066342 0.147449 0.260427 0.405177 0.581570 0.789449 1.028628 1.298892 1.600000 
0.000000 0.010175 0.038336 0.084441 0.148418 0.230167 0.329561 0.446441 0.580622 0.731889 0.900000 
0.000000 0.005152 0.018292 0.039380 0.068345 0.105090 0.149487 0.201377 0.260575 0.326865 0.400000 
0.000000 0.001985 0.005970 0.011926 0.019795 0.029490 0.040891 0.053849 0.068175 0.083647 0.100000 
0.000000 0.000000 0.000000 0.000000 0.000000 0.000000 0.000000 0.000000 0.000000 0.000000 0.000000 
