-2.45119
0.789183
2.38868
-1.09709
-0.199056
-0.295403
-0.410663
-1.61467
-1.16113
0.767967
2.02109
-1.98251
0.485317
-1.53964
-1.60483
0.3054
-1.25914
0.547798
1.46477
-0.671597
-1.28671
1.0813
-1.61205
-0.0420304
-0.402398
-0.387663
-0.00850928
-0.553672
-1.5425
0.219384
-0.432041
-1.59817
1.55165
-1.8969
0.267173
-0.263588
-0.463261
0.505881
0.451368
-0.517908
1.0651
-0.384084
-1.52153
-0.356133
-1.68446
0.181196
0.40265
-0.484647
-0.152597
-0.407952
-0.324759
-0.681846
-0.211217
-1.02517
-0.197511
-1.31774
0.48707
-5.16591
2.57166
-2.75918
-3.21711
-5.51534
-1.91944
1.73164
2.07798
0.336089
0.221116
-2.48611
1.39418
1.84823
3.6658
1.99424
-2.12804
-2.29701
-1.40855
-1.21151
-0.358646
-0.752595
-0.613548
-2.35624
0.404598
-1.49055
-1.41498
-4.48404
-0.182138
0.434203
1.26955
0.261305
-4.17551
2.11066
-3.10845
0.370383
-0.55779
-1.53636
-1.80894
0.390955
-2.73603
2.25274
-3.15829
-1.59148
0.189774
0.244572
-0.502503
-0.275125
-0.494795
-0.32116
-0.893239
-0.264896
-1.12017
-0.1611
-1.43701
-0.910672
1.56383
-0.533659
-0.797283
-0.533687
-0.671774
-0.730429
-0.143551
-0.564844
-0.329968
-1.67933
0.223479
0.241186
-0.309569
-0.124501
-0.396805
-0.459644
-0.799408
-0.338479
-1.36316
0.0884876
-1.41809
-0.573946
-0.296641
-1.66361
-0.197305
-1.02972
-0.457254
-0.519179
-0.161524
0.441827
-0.177283
-1.73868
0.0218423
0.90191
-0.0388057
0.779231
-0.030189
0.959199
-2.36151
1.68227
-0.587018
-0.389941
-0.471334
0.108585
1.2056
-0.586198
3.29031
-0.0514463
-1.21323
-1.37751
-1.07728
-0.421967
-7.22391
-1.52724
-0.231368
1.06869
-0.507208
-0.708742
-0.685284
-0.246299
-0.948022
-0.28324
-1.04602
-0.412979
-1.66414
0.189237
1.49734
0.223948
0.750769
-2.49624
0.905485
-1.7101
-2.27685
1.9709
-2.10303
-2.1768
-0.920344
-0.892551
-0.421923
-0.101337
-0.85572
-0.626174
3.18171
-5.6752
-2.41026
-1.13479
-1.59186
0.0314454
0.0112605
-0.412181
-0.130378
-0.762873
-0.976818
-0.477955
-0.388316
-1.22658
0.382088
4.19395
1.5502
1.17752
1.78051
7.38011
-1.44069
5.88695
-0.378939
14.4782
-1.24844
21.7718
-4.27512
-1.3287
-17.1077
-0.570225
-13.997
-1.48826
-7.37177
1.33786
-3.94203
1.84703
-1.07246
-2.54494
-2.24047
-1.10329
0.0294953
-1.26404
-4.17256
-5.89818
2.89635
-2.52417
0.355774
-1.90534
-1.53451
-0.151975
-0.25135
-1.19244
0.00753197
-0.726069
-0.28683
-0.314016
-0.215996
-0.243034
-0.175369
-1.62879
0.479061
-0.485641
-0.596759
0.32427
0.0706479
-0.512696
0.552132
-0.52556
-1.35702
0.0252151
-1.4437
-2.17175
1.22113
-1.7836
1.53259
0.663637
-2.363
-0.262647
-0.910193
0.704313
-0.508833
-23.3231
4.9435
-6.88304
-5.56252
-5.42126
-1.8569
-3.29342
-2.63807
5.52401
-7.1845
-1.10764
-5.09129
-0.317614
-5.91803
-2.9309
4.28685
-3.44708
-2.91308
9.30737
-0.855123
25.4907
33.1163
-12.7639
-4.61802
-4.71707
-2.44987
