0.157318
0.209747
0.109759
0.179199
0.289542
0.0886628
0.209469
0.328156
0.119357
0.237605
0.0695703
0.187347
0.0697441
0.339745
0.17921
0.159519
0.0886749
0.379474
0.388178
0.309385
0.177628
0.139608
0.237156
0.119721
0.079544
0.10916
0.279465
0.378577
0.389425
0.228038
0.289352
0.117462
0.349637
0.217139
0.0697218
0.289587
0.0591528
0.189472
0.248569
0.279412
0.268027
0.199333
0.167449
0.289619
0.237358
0.199746
0.289713
0.149216
0.299545
0.36868
0.059459
0.19818
0.219358
0.337642
0.179574
0.227456
0.219756
0.1698
0.229242
0.389569
0.338731
0.219493
0.178254
0.289389
0.247725
0.0795798
0.167001
0.299704
0.349461
0.0991162
0.13941
0.258498
0.279354
0.15793
0.389337
0.0773267
0.299685
0.157332
0.129744
0.0897378
0.109205
0.159522
0.288668
0.279471
0.318167
0.259371
0.277615
0.089578
0.19725
0.179739
0.199731
0.33918
0.139515
0.0686275
0.209448
0.0581083
0.169345
0.357545
0.0895702
0.16734
0.129751
0.289778
0.219205
0.339561
0.158675
0.0794754
0.378169
0.079353
0.177626
0.0595529
0.247394
0.389751
0.229774
0.139224
0.259543
0.3787
0.329481
0.208211
0.199378
0.12767
0.139598
0.207187
0.339728
0.359629
0.379167
0.299488
0.208594
0.0894031
0.0980618
0.369354
0.117491
0.139627
0.167428
0.21975
0.179698
0.129238
0.389546
0.158713
0.20948
0.36823
0.389401
0.387702
0.20961
0.167197
0.189728
0.269607
0.13917
0.20949
0.148597
0.299432
0.288067
0.149335
0.3275
0.339609
0.227223
0.269735
0.389705
0.379174
0.0695011
0.118613
0.129433
0.158088
0.229343
0.217521
0.0995775
0.156778
0.0796874
0.21935
0.26905
0.139395
0.208385
0.059315
0.287767
0.129255
0.0871373
0.359611
0.217527
0.209761
0.399784
0.379265
0.289576
0.338764
0.229512
0.3683
0.299403
0.237789
0.199588
0.227157
0.229723
0.179572
0.28916
0.0894668
0.0985765
0.369431
0.178039
0.159332
0.367465
0.389608
0.21714
0.389721
0.329576
0.079154
0.0694509
0.0985683
0.299405
0.238029
0.31935
0.217448
0.259641
0.17702
0.209709
0.329491
0.399122
0.379455
0.258508
0.129362
0.0779408
0.24931
0.107346
0.32964
0.217026
0.0797152
0.26954
0.0991179
0.189457
0.238514
0.0993768
0.197946
0.149313
0.0673521
0.189617
0.197397
0.309756
0.269816
0.189221
0.279548
0.0787049
0.369479
0.238215
0.0993929
0.0576737
0.0796276
0.247452
0.239755
0.359801
0.359241
0.209554
0.348728
0.279495
0.0682496
0.289389
0.29772
0.129583
0.186925
0.319699
0.329426
0.169094
0.179413
0.268459
0.169339
0.207874
0.229297
0.0572629
0.359651
0.217394
0.139748
0.139737
0.159225
0.319546
0.288698
0.349488
0.198208
0.199373
0.32767
0.21959
0.177248
0.289736
0.0996762
0.119182
0.309501
0.128627
0.309433
0.188108
0.24937
0.147544
0.119638
0.217435
0.369752
0.259739
0.259239
0.229548
0.398718
0.359497
0.158236
0.159377
0.337707
0.289596
0.167305
0.209739
0.209668
0.179201
0.319523
0.288653
0.339463
0.328144
0.169357
0.227594
0.299606
0.246957
0.129705
0.0594432
0.209102
0.199441
0.148475
0.0993689
0.267893
0.10928
0.267292
0.379587
0.237167
0.399729
0.399656
0.349159
0.129488
0.0885848
0.199415
0.0880484
0.149333
0.177474
0.189606
0.196987
0.0797073
0.099483
0.0891094
0.10943
0.188492
0.199376
0.257918
0.23931
0.227317
0.26961
0.197124
0.289722
0.17958
0.0691479
0.169471
0.328561
0.179405
0.258016
0.199328
0.177435
0.229605
0.217081
0.169715
0.129502
0.35914
0.169449
0.138537
0.0993902
0.247983
0.369334
0.287399
0.299608
0.237339
0.199746
0.279726
0.38921
0.349554
0.06867
0.179471
0.198167
0.0793395
0.367625
0.239561
0.157524
0.159765
0.239835
0.369261
0.20959
0.398764
0.179524
0.398298
0.119375
0.327786
0.0995331
0.187485
0.0897571
0.0697814
0.269252
0.369568
0.348744
0.32951
0.208273
0.299398
0.34775
0.149583
0.187146
0.239728
0.179627
0.149152
0.219493
0.128574
0.159419
0.328032
0.109325
0.157456
0.169588
0.177193
0.149731
0.059649
0.239166
0.299508
0.0585974
0.319441
0.0980658
0.0593262
0.397496
0.249585
0.187353
0.0797503
0.229782
0.23921
0.389559
0.238681
0.119471
0.10818
0.149361
0.277636
0.0595691
0.217556
0.379766
0.329814
0.329273
0.349591
0.238779
0.179517
0.30832
0.289405
0.337814
0.129576
0.237252
0.149735
0.0696632
0.229184
0.189508
0.328626
0.189447
0.128106
0.209344
0.337547
0.189572
0.237259
0.109733
0.219627
0.349189
0.0994908
0.318628
0.38946
0.238111
0.179352
0.247553
0.379604
0.196993
0.229709
0.0894952
0.189111
0.0894305
0.0784955
0.349387
0.367924
0.169311
0.0873214
0.29962
0.167255
0.219735
0.229673
0.249185
0.189495
0.128628
0.279441
0.328111
0.34937
0.167548
0.139614
0.157213
0.209734
0.349684
0.379171
0.119507
0.348608
0.129436
0.378079
0.139329
0.077513
0.159566
-1.22539
-0.845339
-0.895917
-0.810745
-0.851737
-0.91694
-0.894911
-0.805302
-0.856704
-0.847409
-0.898325
-0.887046
-0.858499
-0.897782
-0.86823
-0.88934
-0.778877
-0.966745
-0.845961
-0.84927
-0.824298
-0.808787
-0.850481
-0.932431
-0.809295
-0.879435
-0.794227
-0.916675
-0.877423
-0.80155
-0.865347
-0.790472
-0.834066
-0.829791
-0.908294
-0.955311
-0.885933
-0.831083
-0.810291
-0.874789
-0.959388
-0.848765
-0.879352
-0.778668
-0.855469
-0.897773
